# (chains, chL, r0, r1, w0, w1, a, ph1, cr, dph0, zoff, varargin)
2, 25, 3.8, 2.26, -3.0, 102.8, -7.572, [10.0, 10.0], [0], [180], 2.0, 'registerzoff'
2, 25, 3.8, 2.26, -3.0, 102.8, -7.572, [10.0, 10.0], [0], [180], 2.5, 'registerzoff'
2, 25, 3.8, 2.26, -3.0, 102.8, -7.572, [10.0, 10.0], [0], [180], 3.0, 'registerzoff'
2, 25, 3.8, 2.26, -3.0, 102.8, -7.572, [10.0, 10.0], [0], [180], -2.0, 'registerzoff'
2, 25, 3.8, 2.26, -3.0, 102.8, -7.572, [10.0, 10.0], [0], [180], -2.5, 'registerzoff'
2, 25, 3.8, 2.26, -3.0, 102.8, -7.572, [10.0, 10.0], [0], [180], -3.0, 'registerzoff'
2, 25, 3.8, 2.26, -3.0, 102.8, -7.572, [10.0, 10.0], [0], [180], -3.5, 'registerzoff'
2, 25, 3.8, 2.26, -3.5, 102.8, -8.843, [10.0, 10.0], [0], [180], 2.0, 'registerzoff'
2, 25, 3.8, 2.26, -3.5, 102.8, -8.843, [10.0, 10.0], [0], [180], 2.5, 'registerzoff'
2, 25, 3.8, 2.26, -3.5, 102.8, -8.843, [10.0, 10.0], [0], [180], 3.0, 'registerzoff'
2, 25, 3.8, 2.26, -3.5, 102.8, -8.843, [10.0, 10.0], [0], [180], -2.0, 'registerzoff'
2, 25, 3.8, 2.26, -3.5, 102.8, -8.843, [10.0, 10.0], [0], [180], -2.5, 'registerzoff'
2, 25, 3.8, 2.26, -3.5, 102.8, -8.843, [10.0, 10.0], [0], [180], -3.0, 'registerzoff'
2, 25, 3.8, 2.26, -3.5, 102.8, -8.843, [10.0, 10.0], [0], [180], -3.5, 'registerzoff'
2, 25, 3.8, 2.26, -4.0, 102.8, -10.119, [10.0, 10.0], [0], [180], 2.0, 'registerzoff'
2, 25, 3.8, 2.26, -4.0, 102.8, -10.119, [10.0, 10.0], [0], [180], 2.5, 'registerzoff'
2, 25, 3.8, 2.26, -4.0, 102.8, -10.119, [10.0, 10.0], [0], [180], 3.0, 'registerzoff'
2, 25, 3.8, 2.26, -4.0, 102.8, -10.119, [10.0, 10.0], [0], [180], -2.0, 'registerzoff'
2, 25, 3.8, 2.26, -4.0, 102.8, -10.119, [10.0, 10.0], [0], [180], -2.5, 'registerzoff'
2, 25, 3.8, 2.26, -4.0, 102.8, -10.119, [10.0, 10.0], [0], [180], -3.0, 'registerzoff'
2, 25, 3.8, 2.26, -4.0, 102.8, -10.119, [10.0, 10.0], [0], [180], -3.5, 'registerzoff'
2, 25, 3.8, 2.26, -3.0, 102.8, -7.572, [20.0, 20.0], [0], [180], 2.0, 'registerzoff'
2, 25, 3.8, 2.26, -3.0, 102.8, -7.572, [20.0, 20.0], [0], [180], 2.5, 'registerzoff'
2, 25, 3.8, 2.26, -3.0, 102.8, -7.572, [20.0, 20.0], [0], [180], 3.0, 'registerzoff'
2, 25, 3.8, 2.26, -3.0, 102.8, -7.572, [20.0, 20.0], [0], [180], -2.0, 'registerzoff'
2, 25, 3.8, 2.26, -3.0, 102.8, -7.572, [20.0, 20.0], [0], [180], -2.5, 'registerzoff'
2, 25, 3.8, 2.26, -3.0, 102.8, -7.572, [20.0, 20.0], [0], [180], -3.0, 'registerzoff'
2, 25, 3.8, 2.26, -3.0, 102.8, -7.572, [20.0, 20.0], [0], [180], -3.5, 'registerzoff'
2, 25, 3.8, 2.26, -3.5, 102.8, -8.843, [20.0, 20.0], [0], [180], 2.0, 'registerzoff'
2, 25, 3.8, 2.26, -3.5, 102.8, -8.843, [20.0, 20.0], [0], [180], 2.5, 'registerzoff'
2, 25, 3.8, 2.26, -3.5, 102.8, -8.843, [20.0, 20.0], [0], [180], 3.0, 'registerzoff'
2, 25, 3.8, 2.26, -3.5, 102.8, -8.843, [20.0, 20.0], [0], [180], -2.0, 'registerzoff'
2, 25, 3.8, 2.26, -3.5, 102.8, -8.843, [20.0, 20.0], [0], [180], -2.5, 'registerzoff'
2, 25, 3.8, 2.26, -3.5, 102.8, -8.843, [20.0, 20.0], [0], [180], -3.0, 'registerzoff'
2, 25, 3.8, 2.26, -3.5, 102.8, -8.843, [20.0, 20.0], [0], [180], -3.5, 'registerzoff'
2, 25, 3.8, 2.26, -4.0, 102.8, -10.119, [20.0, 20.0], [0], [180], 2.0, 'registerzoff'
2, 25, 3.8, 2.26, -4.0, 102.8, -10.119, [20.0, 20.0], [0], [180], 2.5, 'registerzoff'
2, 25, 3.8, 2.26, -4.0, 102.8, -10.119, [20.0, 20.0], [0], [180], 3.0, 'registerzoff'
2, 25, 3.8, 2.26, -4.0, 102.8, -10.119, [20.0, 20.0], [0], [180], -2.0, 'registerzoff'
2, 25, 3.8, 2.26, -4.0, 102.8, -10.119, [20.0, 20.0], [0], [180], -2.5, 'registerzoff'
2, 25, 3.8, 2.26, -4.0, 102.8, -10.119, [20.0, 20.0], [0], [180], -3.0, 'registerzoff'
2, 25, 3.8, 2.26, -4.0, 102.8, -10.119, [20.0, 20.0], [0], [180], -3.5, 'registerzoff'
2, 25, 3.8, 2.26, -3.0, 102.8, -7.572, [30.0, 30.0], [0], [180], 2.0, 'registerzoff'
2, 25, 3.8, 2.26, -3.0, 102.8, -7.572, [30.0, 30.0], [0], [180], 2.5, 'registerzoff'
2, 25, 3.8, 2.26, -3.0, 102.8, -7.572, [30.0, 30.0], [0], [180], 3.0, 'registerzoff'
2, 25, 3.8, 2.26, -3.0, 102.8, -7.572, [30.0, 30.0], [0], [180], -2.0, 'registerzoff'
2, 25, 3.8, 2.26, -3.0, 102.8, -7.572, [30.0, 30.0], [0], [180], -2.5, 'registerzoff'
2, 25, 3.8, 2.26, -3.0, 102.8, -7.572, [30.0, 30.0], [0], [180], -3.0, 'registerzoff'
2, 25, 3.8, 2.26, -3.0, 102.8, -7.572, [30.0, 30.0], [0], [180], -3.5, 'registerzoff'
2, 25, 3.8, 2.26, -3.5, 102.8, -8.843, [30.0, 30.0], [0], [180], 2.0, 'registerzoff'
2, 25, 3.8, 2.26, -3.5, 102.8, -8.843, [30.0, 30.0], [0], [180], 2.5, 'registerzoff'
2, 25, 3.8, 2.26, -3.5, 102.8, -8.843, [30.0, 30.0], [0], [180], 3.0, 'registerzoff'
2, 25, 3.8, 2.26, -3.5, 102.8, -8.843, [30.0, 30.0], [0], [180], -2.0, 'registerzoff'
2, 25, 3.8, 2.26, -3.5, 102.8, -8.843, [30.0, 30.0], [0], [180], -2.5, 'registerzoff'
2, 25, 3.8, 2.26, -3.5, 102.8, -8.843, [30.0, 30.0], [0], [180], -3.0, 'registerzoff'
2, 25, 3.8, 2.26, -3.5, 102.8, -8.843, [30.0, 30.0], [0], [180], -3.5, 'registerzoff'
2, 25, 3.8, 2.26, -4.0, 102.8, -10.119, [30.0, 30.0], [0], [180], 2.0, 'registerzoff'
2, 25, 3.8, 2.26, -4.0, 102.8, -10.119, [30.0, 30.0], [0], [180], 2.5, 'registerzoff'
2, 25, 3.8, 2.26, -4.0, 102.8, -10.119, [30.0, 30.0], [0], [180], 3.0, 'registerzoff'
2, 25, 3.8, 2.26, -4.0, 102.8, -10.119, [30.0, 30.0], [0], [180], -2.0, 'registerzoff'
2, 25, 3.8, 2.26, -4.0, 102.8, -10.119, [30.0, 30.0], [0], [180], -2.5, 'registerzoff'
2, 25, 3.8, 2.26, -4.0, 102.8, -10.119, [30.0, 30.0], [0], [180], -3.0, 'registerzoff'
2, 25, 3.8, 2.26, -4.0, 102.8, -10.119, [30.0, 30.0], [0], [180], -3.5, 'registerzoff'
2, 25, 3.8, 2.26, -3.0, 102.8, -7.572, [40.0, 40.0], [0], [180], 2.0, 'registerzoff'
2, 25, 3.8, 2.26, -3.0, 102.8, -7.572, [40.0, 40.0], [0], [180], 2.5, 'registerzoff'
2, 25, 3.8, 2.26, -3.0, 102.8, -7.572, [40.0, 40.0], [0], [180], 3.0, 'registerzoff'
2, 25, 3.8, 2.26, -3.0, 102.8, -7.572, [40.0, 40.0], [0], [180], -2.0, 'registerzoff'
2, 25, 3.8, 2.26, -3.0, 102.8, -7.572, [40.0, 40.0], [0], [180], -2.5, 'registerzoff'
2, 25, 3.8, 2.26, -3.0, 102.8, -7.572, [40.0, 40.0], [0], [180], -3.0, 'registerzoff'
2, 25, 3.8, 2.26, -3.0, 102.8, -7.572, [40.0, 40.0], [0], [180], -3.5, 'registerzoff'
2, 25, 3.8, 2.26, -3.5, 102.8, -8.843, [40.0, 40.0], [0], [180], 2.0, 'registerzoff'
2, 25, 3.8, 2.26, -3.5, 102.8, -8.843, [40.0, 40.0], [0], [180], 2.5, 'registerzoff'
2, 25, 3.8, 2.26, -3.5, 102.8, -8.843, [40.0, 40.0], [0], [180], 3.0, 'registerzoff'
2, 25, 3.8, 2.26, -3.5, 102.8, -8.843, [40.0, 40.0], [0], [180], -2.0, 'registerzoff'
2, 25, 3.8, 2.26, -3.5, 102.8, -8.843, [40.0, 40.0], [0], [180], -2.5, 'registerzoff'
2, 25, 3.8, 2.26, -3.5, 102.8, -8.843, [40.0, 40.0], [0], [180], -3.0, 'registerzoff'
2, 25, 3.8, 2.26, -3.5, 102.8, -8.843, [40.0, 40.0], [0], [180], -3.5, 'registerzoff'
2, 25, 3.8, 2.26, -4.0, 102.8, -10.119, [40.0, 40.0], [0], [180], 2.0, 'registerzoff'
2, 25, 3.8, 2.26, -4.0, 102.8, -10.119, [40.0, 40.0], [0], [180], 2.5, 'registerzoff'
2, 25, 3.8, 2.26, -4.0, 102.8, -10.119, [40.0, 40.0], [0], [180], 3.0, 'registerzoff'
2, 25, 3.8, 2.26, -4.0, 102.8, -10.119, [40.0, 40.0], [0], [180], -2.0, 'registerzoff'
2, 25, 3.8, 2.26, -4.0, 102.8, -10.119, [40.0, 40.0], [0], [180], -2.5, 'registerzoff'
2, 25, 3.8, 2.26, -4.0, 102.8, -10.119, [40.0, 40.0], [0], [180], -3.0, 'registerzoff'
2, 25, 3.8, 2.26, -4.0, 102.8, -10.119, [40.0, 40.0], [0], [180], -3.5, 'registerzoff'
2, 25, 3.8, 2.26, -3.0, 102.8, -7.572, [50.0, 50.0], [0], [180], 2.0, 'registerzoff'
2, 25, 3.8, 2.26, -3.0, 102.8, -7.572, [50.0, 50.0], [0], [180], 2.5, 'registerzoff'
2, 25, 3.8, 2.26, -3.0, 102.8, -7.572, [50.0, 50.0], [0], [180], 3.0, 'registerzoff'
2, 25, 3.8, 2.26, -3.0, 102.8, -7.572, [50.0, 50.0], [0], [180], -2.0, 'registerzoff'
2, 25, 3.8, 2.26, -3.0, 102.8, -7.572, [50.0, 50.0], [0], [180], -2.5, 'registerzoff'
2, 25, 3.8, 2.26, -3.0, 102.8, -7.572, [50.0, 50.0], [0], [180], -3.0, 'registerzoff'
2, 25, 3.8, 2.26, -3.0, 102.8, -7.572, [50.0, 50.0], [0], [180], -3.5, 'registerzoff'
2, 25, 3.8, 2.26, -3.5, 102.8, -8.843, [50.0, 50.0], [0], [180], 2.0, 'registerzoff'
2, 25, 3.8, 2.26, -3.5, 102.8, -8.843, [50.0, 50.0], [0], [180], 2.5, 'registerzoff'
2, 25, 3.8, 2.26, -3.5, 102.8, -8.843, [50.0, 50.0], [0], [180], 3.0, 'registerzoff'
2, 25, 3.8, 2.26, -3.5, 102.8, -8.843, [50.0, 50.0], [0], [180], -2.0, 'registerzoff'
2, 25, 3.8, 2.26, -3.5, 102.8, -8.843, [50.0, 50.0], [0], [180], -2.5, 'registerzoff'
2, 25, 3.8, 2.26, -3.5, 102.8, -8.843, [50.0, 50.0], [0], [180], -3.0, 'registerzoff'
2, 25, 3.8, 2.26, -3.5, 102.8, -8.843, [50.0, 50.0], [0], [180], -3.5, 'registerzoff'
2, 25, 3.8, 2.26, -4.0, 102.8, -10.119, [50.0, 50.0], [0], [180], 2.0, 'registerzoff'
2, 25, 3.8, 2.26, -4.0, 102.8, -10.119, [50.0, 50.0], [0], [180], 2.5, 'registerzoff'
2, 25, 3.8, 2.26, -4.0, 102.8, -10.119, [50.0, 50.0], [0], [180], 3.0, 'registerzoff'
2, 25, 3.8, 2.26, -4.0, 102.8, -10.119, [50.0, 50.0], [0], [180], -2.0, 'registerzoff'
2, 25, 3.8, 2.26, -4.0, 102.8, -10.119, [50.0, 50.0], [0], [180], -2.5, 'registerzoff'
2, 25, 3.8, 2.26, -4.0, 102.8, -10.119, [50.0, 50.0], [0], [180], -3.0, 'registerzoff'
2, 25, 3.8, 2.26, -4.0, 102.8, -10.119, [50.0, 50.0], [0], [180], -3.5, 'registerzoff'
2, 25, 3.8, 2.26, -3.0, 102.8, -7.572, [60.0, 60.0], [0], [180], 2.0, 'registerzoff'
2, 25, 3.8, 2.26, -3.0, 102.8, -7.572, [60.0, 60.0], [0], [180], 2.5, 'registerzoff'
2, 25, 3.8, 2.26, -3.0, 102.8, -7.572, [60.0, 60.0], [0], [180], 3.0, 'registerzoff'
2, 25, 3.8, 2.26, -3.0, 102.8, -7.572, [60.0, 60.0], [0], [180], -2.0, 'registerzoff'
2, 25, 3.8, 2.26, -3.0, 102.8, -7.572, [60.0, 60.0], [0], [180], -2.5, 'registerzoff'
2, 25, 3.8, 2.26, -3.0, 102.8, -7.572, [60.0, 60.0], [0], [180], -3.0, 'registerzoff'
2, 25, 3.8, 2.26, -3.0, 102.8, -7.572, [60.0, 60.0], [0], [180], -3.5, 'registerzoff'
2, 25, 3.8, 2.26, -3.5, 102.8, -8.843, [60.0, 60.0], [0], [180], 2.0, 'registerzoff'
2, 25, 3.8, 2.26, -3.5, 102.8, -8.843, [60.0, 60.0], [0], [180], 2.5, 'registerzoff'
2, 25, 3.8, 2.26, -3.5, 102.8, -8.843, [60.0, 60.0], [0], [180], 3.0, 'registerzoff'
2, 25, 3.8, 2.26, -3.5, 102.8, -8.843, [60.0, 60.0], [0], [180], -2.0, 'registerzoff'
2, 25, 3.8, 2.26, -3.5, 102.8, -8.843, [60.0, 60.0], [0], [180], -2.5, 'registerzoff'
2, 25, 3.8, 2.26, -3.5, 102.8, -8.843, [60.0, 60.0], [0], [180], -3.0, 'registerzoff'
2, 25, 3.8, 2.26, -3.5, 102.8, -8.843, [60.0, 60.0], [0], [180], -3.5, 'registerzoff'
2, 25, 3.8, 2.26, -4.0, 102.8, -10.119, [60.0, 60.0], [0], [180], 2.0, 'registerzoff'
2, 25, 3.8, 2.26, -4.0, 102.8, -10.119, [60.0, 60.0], [0], [180], 2.5, 'registerzoff'
2, 25, 3.8, 2.26, -4.0, 102.8, -10.119, [60.0, 60.0], [0], [180], 3.0, 'registerzoff'
2, 25, 3.8, 2.26, -4.0, 102.8, -10.119, [60.0, 60.0], [0], [180], -2.0, 'registerzoff'
2, 25, 3.8, 2.26, -4.0, 102.8, -10.119, [60.0, 60.0], [0], [180], -2.5, 'registerzoff'
2, 25, 3.8, 2.26, -4.0, 102.8, -10.119, [60.0, 60.0], [0], [180], -3.0, 'registerzoff'
2, 25, 3.8, 2.26, -4.0, 102.8, -10.119, [60.0, 60.0], [0], [180], -3.5, 'registerzoff'
2, 25, 3.8, 2.26, -3.0, 102.8, -7.572, [70.0, 70.0], [0], [180], 2.0, 'registerzoff'
2, 25, 3.8, 2.26, -3.0, 102.8, -7.572, [70.0, 70.0], [0], [180], 2.5, 'registerzoff'
2, 25, 3.8, 2.26, -3.0, 102.8, -7.572, [70.0, 70.0], [0], [180], 3.0, 'registerzoff'
2, 25, 3.8, 2.26, -3.0, 102.8, -7.572, [70.0, 70.0], [0], [180], -2.0, 'registerzoff'
2, 25, 3.8, 2.26, -3.0, 102.8, -7.572, [70.0, 70.0], [0], [180], -2.5, 'registerzoff'
2, 25, 3.8, 2.26, -3.0, 102.8, -7.572, [70.0, 70.0], [0], [180], -3.0, 'registerzoff'
2, 25, 3.8, 2.26, -3.0, 102.8, -7.572, [70.0, 70.0], [0], [180], -3.5, 'registerzoff'
2, 25, 3.8, 2.26, -3.5, 102.8, -8.843, [70.0, 70.0], [0], [180], 2.0, 'registerzoff'
2, 25, 3.8, 2.26, -3.5, 102.8, -8.843, [70.0, 70.0], [0], [180], 2.5, 'registerzoff'
2, 25, 3.8, 2.26, -3.5, 102.8, -8.843, [70.0, 70.0], [0], [180], 3.0, 'registerzoff'
2, 25, 3.8, 2.26, -3.5, 102.8, -8.843, [70.0, 70.0], [0], [180], -2.0, 'registerzoff'
2, 25, 3.8, 2.26, -3.5, 102.8, -8.843, [70.0, 70.0], [0], [180], -2.5, 'registerzoff'
2, 25, 3.8, 2.26, -3.5, 102.8, -8.843, [70.0, 70.0], [0], [180], -3.0, 'registerzoff'
2, 25, 3.8, 2.26, -3.5, 102.8, -8.843, [70.0, 70.0], [0], [180], -3.5, 'registerzoff'
2, 25, 3.8, 2.26, -4.0, 102.8, -10.119, [70.0, 70.0], [0], [180], 2.0, 'registerzoff'
2, 25, 3.8, 2.26, -4.0, 102.8, -10.119, [70.0, 70.0], [0], [180], 2.5, 'registerzoff'
2, 25, 3.8, 2.26, -4.0, 102.8, -10.119, [70.0, 70.0], [0], [180], 3.0, 'registerzoff'
2, 25, 3.8, 2.26, -4.0, 102.8, -10.119, [70.0, 70.0], [0], [180], -2.0, 'registerzoff'
2, 25, 3.8, 2.26, -4.0, 102.8, -10.119, [70.0, 70.0], [0], [180], -2.5, 'registerzoff'
2, 25, 3.8, 2.26, -4.0, 102.8, -10.119, [70.0, 70.0], [0], [180], -3.0, 'registerzoff'
2, 25, 3.8, 2.26, -4.0, 102.8, -10.119, [70.0, 70.0], [0], [180], -3.5, 'registerzoff'
2, 25, 3.8, 2.26, -3.0, 102.8, -7.572, [80.0, 80.0], [0], [180], 2.0, 'registerzoff'
2, 25, 3.8, 2.26, -3.0, 102.8, -7.572, [80.0, 80.0], [0], [180], 2.5, 'registerzoff'
2, 25, 3.8, 2.26, -3.0, 102.8, -7.572, [80.0, 80.0], [0], [180], 3.0, 'registerzoff'
2, 25, 3.8, 2.26, -3.0, 102.8, -7.572, [80.0, 80.0], [0], [180], -2.0, 'registerzoff'
2, 25, 3.8, 2.26, -3.0, 102.8, -7.572, [80.0, 80.0], [0], [180], -2.5, 'registerzoff'
2, 25, 3.8, 2.26, -3.0, 102.8, -7.572, [80.0, 80.0], [0], [180], -3.0, 'registerzoff'
2, 25, 3.8, 2.26, -3.0, 102.8, -7.572, [80.0, 80.0], [0], [180], -3.5, 'registerzoff'
2, 25, 3.8, 2.26, -3.5, 102.8, -8.843, [80.0, 80.0], [0], [180], 2.0, 'registerzoff'
2, 25, 3.8, 2.26, -3.5, 102.8, -8.843, [80.0, 80.0], [0], [180], 2.5, 'registerzoff'
2, 25, 3.8, 2.26, -3.5, 102.8, -8.843, [80.0, 80.0], [0], [180], 3.0, 'registerzoff'
2, 25, 3.8, 2.26, -3.5, 102.8, -8.843, [80.0, 80.0], [0], [180], -2.0, 'registerzoff'
2, 25, 3.8, 2.26, -3.5, 102.8, -8.843, [80.0, 80.0], [0], [180], -2.5, 'registerzoff'
2, 25, 3.8, 2.26, -3.5, 102.8, -8.843, [80.0, 80.0], [0], [180], -3.0, 'registerzoff'
2, 25, 3.8, 2.26, -3.5, 102.8, -8.843, [80.0, 80.0], [0], [180], -3.5, 'registerzoff'
2, 25, 3.8, 2.26, -4.0, 102.8, -10.119, [80.0, 80.0], [0], [180], 2.0, 'registerzoff'
2, 25, 3.8, 2.26, -4.0, 102.8, -10.119, [80.0, 80.0], [0], [180], 2.5, 'registerzoff'
2, 25, 3.8, 2.26, -4.0, 102.8, -10.119, [80.0, 80.0], [0], [180], 3.0, 'registerzoff'
2, 25, 3.8, 2.26, -4.0, 102.8, -10.119, [80.0, 80.0], [0], [180], -2.0, 'registerzoff'
2, 25, 3.8, 2.26, -4.0, 102.8, -10.119, [80.0, 80.0], [0], [180], -2.5, 'registerzoff'
2, 25, 3.8, 2.26, -4.0, 102.8, -10.119, [80.0, 80.0], [0], [180], -3.0, 'registerzoff'
2, 25, 3.8, 2.26, -4.0, 102.8, -10.119, [80.0, 80.0], [0], [180], -3.5, 'registerzoff'
2, 25, 3.8, 2.26, -3.0, 102.8, -7.572, [90.0, 90.0], [0], [180], 2.0, 'registerzoff'
2, 25, 3.8, 2.26, -3.0, 102.8, -7.572, [90.0, 90.0], [0], [180], 2.5, 'registerzoff'
2, 25, 3.8, 2.26, -3.0, 102.8, -7.572, [90.0, 90.0], [0], [180], 3.0, 'registerzoff'
2, 25, 3.8, 2.26, -3.0, 102.8, -7.572, [90.0, 90.0], [0], [180], -2.0, 'registerzoff'
2, 25, 3.8, 2.26, -3.0, 102.8, -7.572, [90.0, 90.0], [0], [180], -2.5, 'registerzoff'
2, 25, 3.8, 2.26, -3.0, 102.8, -7.572, [90.0, 90.0], [0], [180], -3.0, 'registerzoff'
2, 25, 3.8, 2.26, -3.0, 102.8, -7.572, [90.0, 90.0], [0], [180], -3.5, 'registerzoff'
2, 25, 3.8, 2.26, -3.5, 102.8, -8.843, [90.0, 90.0], [0], [180], 2.0, 'registerzoff'
2, 25, 3.8, 2.26, -3.5, 102.8, -8.843, [90.0, 90.0], [0], [180], 2.5, 'registerzoff'
2, 25, 3.8, 2.26, -3.5, 102.8, -8.843, [90.0, 90.0], [0], [180], 3.0, 'registerzoff'
2, 25, 3.8, 2.26, -3.5, 102.8, -8.843, [90.0, 90.0], [0], [180], -2.0, 'registerzoff'
2, 25, 3.8, 2.26, -3.5, 102.8, -8.843, [90.0, 90.0], [0], [180], -2.5, 'registerzoff'
2, 25, 3.8, 2.26, -3.5, 102.8, -8.843, [90.0, 90.0], [0], [180], -3.0, 'registerzoff'
2, 25, 3.8, 2.26, -3.5, 102.8, -8.843, [90.0, 90.0], [0], [180], -3.5, 'registerzoff'
2, 25, 3.8, 2.26, -4.0, 102.8, -10.119, [90.0, 90.0], [0], [180], 2.0, 'registerzoff'
2, 25, 3.8, 2.26, -4.0, 102.8, -10.119, [90.0, 90.0], [0], [180], 2.5, 'registerzoff'
2, 25, 3.8, 2.26, -4.0, 102.8, -10.119, [90.0, 90.0], [0], [180], 3.0, 'registerzoff'
2, 25, 3.8, 2.26, -4.0, 102.8, -10.119, [90.0, 90.0], [0], [180], -2.0, 'registerzoff'
2, 25, 3.8, 2.26, -4.0, 102.8, -10.119, [90.0, 90.0], [0], [180], -2.5, 'registerzoff'
2, 25, 3.8, 2.26, -4.0, 102.8, -10.119, [90.0, 90.0], [0], [180], -3.0, 'registerzoff'
2, 25, 3.8, 2.26, -4.0, 102.8, -10.119, [90.0, 90.0], [0], [180], -3.5, 'registerzoff'
2, 25, 3.8, 2.26, -3.0, 102.8, -7.572, [100.0, 100.0], [0], [180], 2.0, 'registerzoff'
2, 25, 3.8, 2.26, -3.0, 102.8, -7.572, [100.0, 100.0], [0], [180], 2.5, 'registerzoff'
2, 25, 3.8, 2.26, -3.0, 102.8, -7.572, [100.0, 100.0], [0], [180], 3.0, 'registerzoff'
2, 25, 3.8, 2.26, -3.0, 102.8, -7.572, [100.0, 100.0], [0], [180], -2.0, 'registerzoff'
2, 25, 3.8, 2.26, -3.0, 102.8, -7.572, [100.0, 100.0], [0], [180], -2.5, 'registerzoff'
2, 25, 3.8, 2.26, -3.0, 102.8, -7.572, [100.0, 100.0], [0], [180], -3.0, 'registerzoff'
2, 25, 3.8, 2.26, -3.0, 102.8, -7.572, [100.0, 100.0], [0], [180], -3.5, 'registerzoff'
2, 25, 3.8, 2.26, -3.5, 102.8, -8.843, [100.0, 100.0], [0], [180], 2.0, 'registerzoff'
2, 25, 3.8, 2.26, -3.5, 102.8, -8.843, [100.0, 100.0], [0], [180], 2.5, 'registerzoff'
2, 25, 3.8, 2.26, -3.5, 102.8, -8.843, [100.0, 100.0], [0], [180], 3.0, 'registerzoff'
2, 25, 3.8, 2.26, -3.5, 102.8, -8.843, [100.0, 100.0], [0], [180], -2.0, 'registerzoff'
2, 25, 3.8, 2.26, -3.5, 102.8, -8.843, [100.0, 100.0], [0], [180], -2.5, 'registerzoff'
2, 25, 3.8, 2.26, -3.5, 102.8, -8.843, [100.0, 100.0], [0], [180], -3.0, 'registerzoff'
2, 25, 3.8, 2.26, -3.5, 102.8, -8.843, [100.0, 100.0], [0], [180], -3.5, 'registerzoff'
2, 25, 3.8, 2.26, -4.0, 102.8, -10.119, [100.0, 100.0], [0], [180], 2.0, 'registerzoff'
2, 25, 3.8, 2.26, -4.0, 102.8, -10.119, [100.0, 100.0], [0], [180], 2.5, 'registerzoff'
2, 25, 3.8, 2.26, -4.0, 102.8, -10.119, [100.0, 100.0], [0], [180], 3.0, 'registerzoff'
2, 25, 3.8, 2.26, -4.0, 102.8, -10.119, [100.0, 100.0], [0], [180], -2.0, 'registerzoff'
2, 25, 3.8, 2.26, -4.0, 102.8, -10.119, [100.0, 100.0], [0], [180], -2.5, 'registerzoff'
2, 25, 3.8, 2.26, -4.0, 102.8, -10.119, [100.0, 100.0], [0], [180], -3.0, 'registerzoff'
2, 25, 3.8, 2.26, -4.0, 102.8, -10.119, [100.0, 100.0], [0], [180], -3.5, 'registerzoff'
2, 25, 4.0, 2.26, -3.0, 102.8, -7.973, [10.0, 10.0], [0], [180], 2.0, 'registerzoff'
2, 25, 4.0, 2.26, -3.0, 102.8, -7.973, [10.0, 10.0], [0], [180], 2.5, 'registerzoff'
2, 25, 4.0, 2.26, -3.0, 102.8, -7.973, [10.0, 10.0], [0], [180], 3.0, 'registerzoff'
2, 25, 4.0, 2.26, -3.0, 102.8, -7.973, [10.0, 10.0], [0], [180], -2.0, 'registerzoff'
2, 25, 4.0, 2.26, -3.0, 102.8, -7.973, [10.0, 10.0], [0], [180], -2.5, 'registerzoff'
2, 25, 4.0, 2.26, -3.0, 102.8, -7.973, [10.0, 10.0], [0], [180], -3.0, 'registerzoff'
2, 25, 4.0, 2.26, -3.0, 102.8, -7.973, [10.0, 10.0], [0], [180], -3.5, 'registerzoff'
2, 25, 4.0, 2.26, -3.5, 102.8, -9.312, [10.0, 10.0], [0], [180], 2.0, 'registerzoff'
2, 25, 4.0, 2.26, -3.5, 102.8, -9.312, [10.0, 10.0], [0], [180], 2.5, 'registerzoff'
2, 25, 4.0, 2.26, -3.5, 102.8, -9.312, [10.0, 10.0], [0], [180], 3.0, 'registerzoff'
2, 25, 4.0, 2.26, -3.5, 102.8, -9.312, [10.0, 10.0], [0], [180], -2.0, 'registerzoff'
2, 25, 4.0, 2.26, -3.5, 102.8, -9.312, [10.0, 10.0], [0], [180], -2.5, 'registerzoff'
2, 25, 4.0, 2.26, -3.5, 102.8, -9.312, [10.0, 10.0], [0], [180], -3.0, 'registerzoff'
2, 25, 4.0, 2.26, -3.5, 102.8, -9.312, [10.0, 10.0], [0], [180], -3.5, 'registerzoff'
2, 25, 4.0, 2.26, -4.0, 102.8, -10.657, [10.0, 10.0], [0], [180], 2.0, 'registerzoff'
2, 25, 4.0, 2.26, -4.0, 102.8, -10.657, [10.0, 10.0], [0], [180], 2.5, 'registerzoff'
2, 25, 4.0, 2.26, -4.0, 102.8, -10.657, [10.0, 10.0], [0], [180], 3.0, 'registerzoff'
2, 25, 4.0, 2.26, -4.0, 102.8, -10.657, [10.0, 10.0], [0], [180], -2.0, 'registerzoff'
2, 25, 4.0, 2.26, -4.0, 102.8, -10.657, [10.0, 10.0], [0], [180], -2.5, 'registerzoff'
2, 25, 4.0, 2.26, -4.0, 102.8, -10.657, [10.0, 10.0], [0], [180], -3.0, 'registerzoff'
2, 25, 4.0, 2.26, -4.0, 102.8, -10.657, [10.0, 10.0], [0], [180], -3.5, 'registerzoff'
2, 25, 4.0, 2.26, -3.0, 102.8, -7.973, [20.0, 20.0], [0], [180], 2.0, 'registerzoff'
2, 25, 4.0, 2.26, -3.0, 102.8, -7.973, [20.0, 20.0], [0], [180], 2.5, 'registerzoff'
2, 25, 4.0, 2.26, -3.0, 102.8, -7.973, [20.0, 20.0], [0], [180], 3.0, 'registerzoff'
2, 25, 4.0, 2.26, -3.0, 102.8, -7.973, [20.0, 20.0], [0], [180], -2.0, 'registerzoff'
2, 25, 4.0, 2.26, -3.0, 102.8, -7.973, [20.0, 20.0], [0], [180], -2.5, 'registerzoff'
2, 25, 4.0, 2.26, -3.0, 102.8, -7.973, [20.0, 20.0], [0], [180], -3.0, 'registerzoff'
2, 25, 4.0, 2.26, -3.0, 102.8, -7.973, [20.0, 20.0], [0], [180], -3.5, 'registerzoff'
2, 25, 4.0, 2.26, -3.5, 102.8, -9.312, [20.0, 20.0], [0], [180], 2.0, 'registerzoff'
2, 25, 4.0, 2.26, -3.5, 102.8, -9.312, [20.0, 20.0], [0], [180], 2.5, 'registerzoff'
2, 25, 4.0, 2.26, -3.5, 102.8, -9.312, [20.0, 20.0], [0], [180], 3.0, 'registerzoff'
2, 25, 4.0, 2.26, -3.5, 102.8, -9.312, [20.0, 20.0], [0], [180], -2.0, 'registerzoff'
2, 25, 4.0, 2.26, -3.5, 102.8, -9.312, [20.0, 20.0], [0], [180], -2.5, 'registerzoff'
2, 25, 4.0, 2.26, -3.5, 102.8, -9.312, [20.0, 20.0], [0], [180], -3.0, 'registerzoff'
2, 25, 4.0, 2.26, -3.5, 102.8, -9.312, [20.0, 20.0], [0], [180], -3.5, 'registerzoff'
2, 25, 4.0, 2.26, -4.0, 102.8, -10.657, [20.0, 20.0], [0], [180], 2.0, 'registerzoff'
2, 25, 4.0, 2.26, -4.0, 102.8, -10.657, [20.0, 20.0], [0], [180], 2.5, 'registerzoff'
2, 25, 4.0, 2.26, -4.0, 102.8, -10.657, [20.0, 20.0], [0], [180], 3.0, 'registerzoff'
2, 25, 4.0, 2.26, -4.0, 102.8, -10.657, [20.0, 20.0], [0], [180], -2.0, 'registerzoff'
2, 25, 4.0, 2.26, -4.0, 102.8, -10.657, [20.0, 20.0], [0], [180], -2.5, 'registerzoff'
2, 25, 4.0, 2.26, -4.0, 102.8, -10.657, [20.0, 20.0], [0], [180], -3.0, 'registerzoff'
2, 25, 4.0, 2.26, -4.0, 102.8, -10.657, [20.0, 20.0], [0], [180], -3.5, 'registerzoff'
2, 25, 4.0, 2.26, -3.0, 102.8, -7.973, [30.0, 30.0], [0], [180], 2.0, 'registerzoff'
2, 25, 4.0, 2.26, -3.0, 102.8, -7.973, [30.0, 30.0], [0], [180], 2.5, 'registerzoff'
2, 25, 4.0, 2.26, -3.0, 102.8, -7.973, [30.0, 30.0], [0], [180], 3.0, 'registerzoff'
2, 25, 4.0, 2.26, -3.0, 102.8, -7.973, [30.0, 30.0], [0], [180], -2.0, 'registerzoff'
2, 25, 4.0, 2.26, -3.0, 102.8, -7.973, [30.0, 30.0], [0], [180], -2.5, 'registerzoff'
2, 25, 4.0, 2.26, -3.0, 102.8, -7.973, [30.0, 30.0], [0], [180], -3.0, 'registerzoff'
2, 25, 4.0, 2.26, -3.0, 102.8, -7.973, [30.0, 30.0], [0], [180], -3.5, 'registerzoff'
2, 25, 4.0, 2.26, -3.5, 102.8, -9.312, [30.0, 30.0], [0], [180], 2.0, 'registerzoff'
2, 25, 4.0, 2.26, -3.5, 102.8, -9.312, [30.0, 30.0], [0], [180], 2.5, 'registerzoff'
2, 25, 4.0, 2.26, -3.5, 102.8, -9.312, [30.0, 30.0], [0], [180], 3.0, 'registerzoff'
2, 25, 4.0, 2.26, -3.5, 102.8, -9.312, [30.0, 30.0], [0], [180], -2.0, 'registerzoff'
2, 25, 4.0, 2.26, -3.5, 102.8, -9.312, [30.0, 30.0], [0], [180], -2.5, 'registerzoff'
2, 25, 4.0, 2.26, -3.5, 102.8, -9.312, [30.0, 30.0], [0], [180], -3.0, 'registerzoff'
2, 25, 4.0, 2.26, -3.5, 102.8, -9.312, [30.0, 30.0], [0], [180], -3.5, 'registerzoff'
2, 25, 4.0, 2.26, -4.0, 102.8, -10.657, [30.0, 30.0], [0], [180], 2.0, 'registerzoff'
2, 25, 4.0, 2.26, -4.0, 102.8, -10.657, [30.0, 30.0], [0], [180], 2.5, 'registerzoff'
2, 25, 4.0, 2.26, -4.0, 102.8, -10.657, [30.0, 30.0], [0], [180], 3.0, 'registerzoff'
2, 25, 4.0, 2.26, -4.0, 102.8, -10.657, [30.0, 30.0], [0], [180], -2.0, 'registerzoff'
2, 25, 4.0, 2.26, -4.0, 102.8, -10.657, [30.0, 30.0], [0], [180], -2.5, 'registerzoff'
2, 25, 4.0, 2.26, -4.0, 102.8, -10.657, [30.0, 30.0], [0], [180], -3.0, 'registerzoff'
2, 25, 4.0, 2.26, -4.0, 102.8, -10.657, [30.0, 30.0], [0], [180], -3.5, 'registerzoff'
2, 25, 4.0, 2.26, -3.0, 102.8, -7.973, [40.0, 40.0], [0], [180], 2.0, 'registerzoff'
2, 25, 4.0, 2.26, -3.0, 102.8, -7.973, [40.0, 40.0], [0], [180], 2.5, 'registerzoff'
2, 25, 4.0, 2.26, -3.0, 102.8, -7.973, [40.0, 40.0], [0], [180], 3.0, 'registerzoff'
2, 25, 4.0, 2.26, -3.0, 102.8, -7.973, [40.0, 40.0], [0], [180], -2.0, 'registerzoff'
2, 25, 4.0, 2.26, -3.0, 102.8, -7.973, [40.0, 40.0], [0], [180], -2.5, 'registerzoff'
2, 25, 4.0, 2.26, -3.0, 102.8, -7.973, [40.0, 40.0], [0], [180], -3.0, 'registerzoff'
2, 25, 4.0, 2.26, -3.0, 102.8, -7.973, [40.0, 40.0], [0], [180], -3.5, 'registerzoff'
2, 25, 4.0, 2.26, -3.5, 102.8, -9.312, [40.0, 40.0], [0], [180], 2.0, 'registerzoff'
2, 25, 4.0, 2.26, -3.5, 102.8, -9.312, [40.0, 40.0], [0], [180], 2.5, 'registerzoff'
2, 25, 4.0, 2.26, -3.5, 102.8, -9.312, [40.0, 40.0], [0], [180], 3.0, 'registerzoff'
2, 25, 4.0, 2.26, -3.5, 102.8, -9.312, [40.0, 40.0], [0], [180], -2.0, 'registerzoff'
2, 25, 4.0, 2.26, -3.5, 102.8, -9.312, [40.0, 40.0], [0], [180], -2.5, 'registerzoff'
2, 25, 4.0, 2.26, -3.5, 102.8, -9.312, [40.0, 40.0], [0], [180], -3.0, 'registerzoff'
2, 25, 4.0, 2.26, -3.5, 102.8, -9.312, [40.0, 40.0], [0], [180], -3.5, 'registerzoff'
2, 25, 4.0, 2.26, -4.0, 102.8, -10.657, [40.0, 40.0], [0], [180], 2.0, 'registerzoff'
2, 25, 4.0, 2.26, -4.0, 102.8, -10.657, [40.0, 40.0], [0], [180], 2.5, 'registerzoff'
2, 25, 4.0, 2.26, -4.0, 102.8, -10.657, [40.0, 40.0], [0], [180], 3.0, 'registerzoff'
2, 25, 4.0, 2.26, -4.0, 102.8, -10.657, [40.0, 40.0], [0], [180], -2.0, 'registerzoff'
2, 25, 4.0, 2.26, -4.0, 102.8, -10.657, [40.0, 40.0], [0], [180], -2.5, 'registerzoff'
2, 25, 4.0, 2.26, -4.0, 102.8, -10.657, [40.0, 40.0], [0], [180], -3.0, 'registerzoff'
2, 25, 4.0, 2.26, -4.0, 102.8, -10.657, [40.0, 40.0], [0], [180], -3.5, 'registerzoff'
2, 25, 4.0, 2.26, -3.0, 102.8, -7.973, [50.0, 50.0], [0], [180], 2.0, 'registerzoff'
2, 25, 4.0, 2.26, -3.0, 102.8, -7.973, [50.0, 50.0], [0], [180], 2.5, 'registerzoff'
2, 25, 4.0, 2.26, -3.0, 102.8, -7.973, [50.0, 50.0], [0], [180], 3.0, 'registerzoff'
2, 25, 4.0, 2.26, -3.0, 102.8, -7.973, [50.0, 50.0], [0], [180], -2.0, 'registerzoff'
2, 25, 4.0, 2.26, -3.0, 102.8, -7.973, [50.0, 50.0], [0], [180], -2.5, 'registerzoff'
2, 25, 4.0, 2.26, -3.0, 102.8, -7.973, [50.0, 50.0], [0], [180], -3.0, 'registerzoff'
2, 25, 4.0, 2.26, -3.0, 102.8, -7.973, [50.0, 50.0], [0], [180], -3.5, 'registerzoff'
2, 25, 4.0, 2.26, -3.5, 102.8, -9.312, [50.0, 50.0], [0], [180], 2.0, 'registerzoff'
2, 25, 4.0, 2.26, -3.5, 102.8, -9.312, [50.0, 50.0], [0], [180], 2.5, 'registerzoff'
2, 25, 4.0, 2.26, -3.5, 102.8, -9.312, [50.0, 50.0], [0], [180], 3.0, 'registerzoff'
2, 25, 4.0, 2.26, -3.5, 102.8, -9.312, [50.0, 50.0], [0], [180], -2.0, 'registerzoff'
2, 25, 4.0, 2.26, -3.5, 102.8, -9.312, [50.0, 50.0], [0], [180], -2.5, 'registerzoff'
2, 25, 4.0, 2.26, -3.5, 102.8, -9.312, [50.0, 50.0], [0], [180], -3.0, 'registerzoff'
2, 25, 4.0, 2.26, -3.5, 102.8, -9.312, [50.0, 50.0], [0], [180], -3.5, 'registerzoff'
2, 25, 4.0, 2.26, -4.0, 102.8, -10.657, [50.0, 50.0], [0], [180], 2.0, 'registerzoff'
2, 25, 4.0, 2.26, -4.0, 102.8, -10.657, [50.0, 50.0], [0], [180], 2.5, 'registerzoff'
2, 25, 4.0, 2.26, -4.0, 102.8, -10.657, [50.0, 50.0], [0], [180], 3.0, 'registerzoff'
2, 25, 4.0, 2.26, -4.0, 102.8, -10.657, [50.0, 50.0], [0], [180], -2.0, 'registerzoff'
2, 25, 4.0, 2.26, -4.0, 102.8, -10.657, [50.0, 50.0], [0], [180], -2.5, 'registerzoff'
2, 25, 4.0, 2.26, -4.0, 102.8, -10.657, [50.0, 50.0], [0], [180], -3.0, 'registerzoff'
2, 25, 4.0, 2.26, -4.0, 102.8, -10.657, [50.0, 50.0], [0], [180], -3.5, 'registerzoff'
2, 25, 4.0, 2.26, -3.0, 102.8, -7.973, [60.0, 60.0], [0], [180], 2.0, 'registerzoff'
2, 25, 4.0, 2.26, -3.0, 102.8, -7.973, [60.0, 60.0], [0], [180], 2.5, 'registerzoff'
2, 25, 4.0, 2.26, -3.0, 102.8, -7.973, [60.0, 60.0], [0], [180], 3.0, 'registerzoff'
2, 25, 4.0, 2.26, -3.0, 102.8, -7.973, [60.0, 60.0], [0], [180], -2.0, 'registerzoff'
2, 25, 4.0, 2.26, -3.0, 102.8, -7.973, [60.0, 60.0], [0], [180], -2.5, 'registerzoff'
2, 25, 4.0, 2.26, -3.0, 102.8, -7.973, [60.0, 60.0], [0], [180], -3.0, 'registerzoff'
2, 25, 4.0, 2.26, -3.0, 102.8, -7.973, [60.0, 60.0], [0], [180], -3.5, 'registerzoff'
2, 25, 4.0, 2.26, -3.5, 102.8, -9.312, [60.0, 60.0], [0], [180], 2.0, 'registerzoff'
2, 25, 4.0, 2.26, -3.5, 102.8, -9.312, [60.0, 60.0], [0], [180], 2.5, 'registerzoff'
2, 25, 4.0, 2.26, -3.5, 102.8, -9.312, [60.0, 60.0], [0], [180], 3.0, 'registerzoff'
2, 25, 4.0, 2.26, -3.5, 102.8, -9.312, [60.0, 60.0], [0], [180], -2.0, 'registerzoff'
2, 25, 4.0, 2.26, -3.5, 102.8, -9.312, [60.0, 60.0], [0], [180], -2.5, 'registerzoff'
2, 25, 4.0, 2.26, -3.5, 102.8, -9.312, [60.0, 60.0], [0], [180], -3.0, 'registerzoff'
2, 25, 4.0, 2.26, -3.5, 102.8, -9.312, [60.0, 60.0], [0], [180], -3.5, 'registerzoff'
2, 25, 4.0, 2.26, -4.0, 102.8, -10.657, [60.0, 60.0], [0], [180], 2.0, 'registerzoff'
2, 25, 4.0, 2.26, -4.0, 102.8, -10.657, [60.0, 60.0], [0], [180], 2.5, 'registerzoff'
2, 25, 4.0, 2.26, -4.0, 102.8, -10.657, [60.0, 60.0], [0], [180], 3.0, 'registerzoff'
2, 25, 4.0, 2.26, -4.0, 102.8, -10.657, [60.0, 60.0], [0], [180], -2.0, 'registerzoff'
2, 25, 4.0, 2.26, -4.0, 102.8, -10.657, [60.0, 60.0], [0], [180], -2.5, 'registerzoff'
2, 25, 4.0, 2.26, -4.0, 102.8, -10.657, [60.0, 60.0], [0], [180], -3.0, 'registerzoff'
2, 25, 4.0, 2.26, -4.0, 102.8, -10.657, [60.0, 60.0], [0], [180], -3.5, 'registerzoff'
2, 25, 4.0, 2.26, -3.0, 102.8, -7.973, [70.0, 70.0], [0], [180], 2.0, 'registerzoff'
2, 25, 4.0, 2.26, -3.0, 102.8, -7.973, [70.0, 70.0], [0], [180], 2.5, 'registerzoff'
2, 25, 4.0, 2.26, -3.0, 102.8, -7.973, [70.0, 70.0], [0], [180], 3.0, 'registerzoff'
2, 25, 4.0, 2.26, -3.0, 102.8, -7.973, [70.0, 70.0], [0], [180], -2.0, 'registerzoff'
2, 25, 4.0, 2.26, -3.0, 102.8, -7.973, [70.0, 70.0], [0], [180], -2.5, 'registerzoff'
2, 25, 4.0, 2.26, -3.0, 102.8, -7.973, [70.0, 70.0], [0], [180], -3.0, 'registerzoff'
2, 25, 4.0, 2.26, -3.0, 102.8, -7.973, [70.0, 70.0], [0], [180], -3.5, 'registerzoff'
2, 25, 4.0, 2.26, -3.5, 102.8, -9.312, [70.0, 70.0], [0], [180], 2.0, 'registerzoff'
2, 25, 4.0, 2.26, -3.5, 102.8, -9.312, [70.0, 70.0], [0], [180], 2.5, 'registerzoff'
2, 25, 4.0, 2.26, -3.5, 102.8, -9.312, [70.0, 70.0], [0], [180], 3.0, 'registerzoff'
2, 25, 4.0, 2.26, -3.5, 102.8, -9.312, [70.0, 70.0], [0], [180], -2.0, 'registerzoff'
2, 25, 4.0, 2.26, -3.5, 102.8, -9.312, [70.0, 70.0], [0], [180], -2.5, 'registerzoff'
2, 25, 4.0, 2.26, -3.5, 102.8, -9.312, [70.0, 70.0], [0], [180], -3.0, 'registerzoff'
2, 25, 4.0, 2.26, -3.5, 102.8, -9.312, [70.0, 70.0], [0], [180], -3.5, 'registerzoff'
2, 25, 4.0, 2.26, -4.0, 102.8, -10.657, [70.0, 70.0], [0], [180], 2.0, 'registerzoff'
2, 25, 4.0, 2.26, -4.0, 102.8, -10.657, [70.0, 70.0], [0], [180], 2.5, 'registerzoff'
2, 25, 4.0, 2.26, -4.0, 102.8, -10.657, [70.0, 70.0], [0], [180], 3.0, 'registerzoff'
2, 25, 4.0, 2.26, -4.0, 102.8, -10.657, [70.0, 70.0], [0], [180], -2.0, 'registerzoff'
2, 25, 4.0, 2.26, -4.0, 102.8, -10.657, [70.0, 70.0], [0], [180], -2.5, 'registerzoff'
2, 25, 4.0, 2.26, -4.0, 102.8, -10.657, [70.0, 70.0], [0], [180], -3.0, 'registerzoff'
2, 25, 4.0, 2.26, -4.0, 102.8, -10.657, [70.0, 70.0], [0], [180], -3.5, 'registerzoff'
2, 25, 4.0, 2.26, -3.0, 102.8, -7.973, [80.0, 80.0], [0], [180], 2.0, 'registerzoff'
2, 25, 4.0, 2.26, -3.0, 102.8, -7.973, [80.0, 80.0], [0], [180], 2.5, 'registerzoff'
2, 25, 4.0, 2.26, -3.0, 102.8, -7.973, [80.0, 80.0], [0], [180], 3.0, 'registerzoff'
2, 25, 4.0, 2.26, -3.0, 102.8, -7.973, [80.0, 80.0], [0], [180], -2.0, 'registerzoff'
2, 25, 4.0, 2.26, -3.0, 102.8, -7.973, [80.0, 80.0], [0], [180], -2.5, 'registerzoff'
2, 25, 4.0, 2.26, -3.0, 102.8, -7.973, [80.0, 80.0], [0], [180], -3.0, 'registerzoff'
2, 25, 4.0, 2.26, -3.0, 102.8, -7.973, [80.0, 80.0], [0], [180], -3.5, 'registerzoff'
2, 25, 4.0, 2.26, -3.5, 102.8, -9.312, [80.0, 80.0], [0], [180], 2.0, 'registerzoff'
2, 25, 4.0, 2.26, -3.5, 102.8, -9.312, [80.0, 80.0], [0], [180], 2.5, 'registerzoff'
2, 25, 4.0, 2.26, -3.5, 102.8, -9.312, [80.0, 80.0], [0], [180], 3.0, 'registerzoff'
2, 25, 4.0, 2.26, -3.5, 102.8, -9.312, [80.0, 80.0], [0], [180], -2.0, 'registerzoff'
2, 25, 4.0, 2.26, -3.5, 102.8, -9.312, [80.0, 80.0], [0], [180], -2.5, 'registerzoff'
2, 25, 4.0, 2.26, -3.5, 102.8, -9.312, [80.0, 80.0], [0], [180], -3.0, 'registerzoff'
2, 25, 4.0, 2.26, -3.5, 102.8, -9.312, [80.0, 80.0], [0], [180], -3.5, 'registerzoff'
2, 25, 4.0, 2.26, -4.0, 102.8, -10.657, [80.0, 80.0], [0], [180], 2.0, 'registerzoff'
2, 25, 4.0, 2.26, -4.0, 102.8, -10.657, [80.0, 80.0], [0], [180], 2.5, 'registerzoff'
2, 25, 4.0, 2.26, -4.0, 102.8, -10.657, [80.0, 80.0], [0], [180], 3.0, 'registerzoff'
2, 25, 4.0, 2.26, -4.0, 102.8, -10.657, [80.0, 80.0], [0], [180], -2.0, 'registerzoff'
2, 25, 4.0, 2.26, -4.0, 102.8, -10.657, [80.0, 80.0], [0], [180], -2.5, 'registerzoff'
2, 25, 4.0, 2.26, -4.0, 102.8, -10.657, [80.0, 80.0], [0], [180], -3.0, 'registerzoff'
2, 25, 4.0, 2.26, -4.0, 102.8, -10.657, [80.0, 80.0], [0], [180], -3.5, 'registerzoff'
2, 25, 4.0, 2.26, -3.0, 102.8, -7.973, [90.0, 90.0], [0], [180], 2.0, 'registerzoff'
2, 25, 4.0, 2.26, -3.0, 102.8, -7.973, [90.0, 90.0], [0], [180], 2.5, 'registerzoff'
2, 25, 4.0, 2.26, -3.0, 102.8, -7.973, [90.0, 90.0], [0], [180], 3.0, 'registerzoff'
2, 25, 4.0, 2.26, -3.0, 102.8, -7.973, [90.0, 90.0], [0], [180], -2.0, 'registerzoff'
2, 25, 4.0, 2.26, -3.0, 102.8, -7.973, [90.0, 90.0], [0], [180], -2.5, 'registerzoff'
2, 25, 4.0, 2.26, -3.0, 102.8, -7.973, [90.0, 90.0], [0], [180], -3.0, 'registerzoff'
2, 25, 4.0, 2.26, -3.0, 102.8, -7.973, [90.0, 90.0], [0], [180], -3.5, 'registerzoff'
2, 25, 4.0, 2.26, -3.5, 102.8, -9.312, [90.0, 90.0], [0], [180], 2.0, 'registerzoff'
2, 25, 4.0, 2.26, -3.5, 102.8, -9.312, [90.0, 90.0], [0], [180], 2.5, 'registerzoff'
2, 25, 4.0, 2.26, -3.5, 102.8, -9.312, [90.0, 90.0], [0], [180], 3.0, 'registerzoff'
2, 25, 4.0, 2.26, -3.5, 102.8, -9.312, [90.0, 90.0], [0], [180], -2.0, 'registerzoff'
2, 25, 4.0, 2.26, -3.5, 102.8, -9.312, [90.0, 90.0], [0], [180], -2.5, 'registerzoff'
2, 25, 4.0, 2.26, -3.5, 102.8, -9.312, [90.0, 90.0], [0], [180], -3.0, 'registerzoff'
2, 25, 4.0, 2.26, -3.5, 102.8, -9.312, [90.0, 90.0], [0], [180], -3.5, 'registerzoff'
2, 25, 4.0, 2.26, -4.0, 102.8, -10.657, [90.0, 90.0], [0], [180], 2.0, 'registerzoff'
2, 25, 4.0, 2.26, -4.0, 102.8, -10.657, [90.0, 90.0], [0], [180], 2.5, 'registerzoff'
2, 25, 4.0, 2.26, -4.0, 102.8, -10.657, [90.0, 90.0], [0], [180], 3.0, 'registerzoff'
2, 25, 4.0, 2.26, -4.0, 102.8, -10.657, [90.0, 90.0], [0], [180], -2.0, 'registerzoff'
2, 25, 4.0, 2.26, -4.0, 102.8, -10.657, [90.0, 90.0], [0], [180], -2.5, 'registerzoff'
2, 25, 4.0, 2.26, -4.0, 102.8, -10.657, [90.0, 90.0], [0], [180], -3.0, 'registerzoff'
2, 25, 4.0, 2.26, -4.0, 102.8, -10.657, [90.0, 90.0], [0], [180], -3.5, 'registerzoff'
2, 25, 4.0, 2.26, -3.0, 102.8, -7.973, [100.0, 100.0], [0], [180], 2.0, 'registerzoff'
2, 25, 4.0, 2.26, -3.0, 102.8, -7.973, [100.0, 100.0], [0], [180], 2.5, 'registerzoff'
2, 25, 4.0, 2.26, -3.0, 102.8, -7.973, [100.0, 100.0], [0], [180], 3.0, 'registerzoff'
2, 25, 4.0, 2.26, -3.0, 102.8, -7.973, [100.0, 100.0], [0], [180], -2.0, 'registerzoff'
2, 25, 4.0, 2.26, -3.0, 102.8, -7.973, [100.0, 100.0], [0], [180], -2.5, 'registerzoff'
2, 25, 4.0, 2.26, -3.0, 102.8, -7.973, [100.0, 100.0], [0], [180], -3.0, 'registerzoff'
2, 25, 4.0, 2.26, -3.0, 102.8, -7.973, [100.0, 100.0], [0], [180], -3.5, 'registerzoff'
2, 25, 4.0, 2.26, -3.5, 102.8, -9.312, [100.0, 100.0], [0], [180], 2.0, 'registerzoff'
2, 25, 4.0, 2.26, -3.5, 102.8, -9.312, [100.0, 100.0], [0], [180], 2.5, 'registerzoff'
2, 25, 4.0, 2.26, -3.5, 102.8, -9.312, [100.0, 100.0], [0], [180], 3.0, 'registerzoff'
2, 25, 4.0, 2.26, -3.5, 102.8, -9.312, [100.0, 100.0], [0], [180], -2.0, 'registerzoff'
2, 25, 4.0, 2.26, -3.5, 102.8, -9.312, [100.0, 100.0], [0], [180], -2.5, 'registerzoff'
2, 25, 4.0, 2.26, -3.5, 102.8, -9.312, [100.0, 100.0], [0], [180], -3.0, 'registerzoff'
2, 25, 4.0, 2.26, -3.5, 102.8, -9.312, [100.0, 100.0], [0], [180], -3.5, 'registerzoff'
2, 25, 4.0, 2.26, -4.0, 102.8, -10.657, [100.0, 100.0], [0], [180], 2.0, 'registerzoff'
2, 25, 4.0, 2.26, -4.0, 102.8, -10.657, [100.0, 100.0], [0], [180], 2.5, 'registerzoff'
2, 25, 4.0, 2.26, -4.0, 102.8, -10.657, [100.0, 100.0], [0], [180], 3.0, 'registerzoff'
2, 25, 4.0, 2.26, -4.0, 102.8, -10.657, [100.0, 100.0], [0], [180], -2.0, 'registerzoff'
2, 25, 4.0, 2.26, -4.0, 102.8, -10.657, [100.0, 100.0], [0], [180], -2.5, 'registerzoff'
2, 25, 4.0, 2.26, -4.0, 102.8, -10.657, [100.0, 100.0], [0], [180], -3.0, 'registerzoff'
2, 25, 4.0, 2.26, -4.0, 102.8, -10.657, [100.0, 100.0], [0], [180], -3.5, 'registerzoff'
2, 25, 4.2, 2.26, -3.0, 102.8, -8.374, [10.0, 10.0], [0], [180], 2.0, 'registerzoff'
2, 25, 4.2, 2.26, -3.0, 102.8, -8.374, [10.0, 10.0], [0], [180], 2.5, 'registerzoff'
2, 25, 4.2, 2.26, -3.0, 102.8, -8.374, [10.0, 10.0], [0], [180], 3.0, 'registerzoff'
2, 25, 4.2, 2.26, -3.0, 102.8, -8.374, [10.0, 10.0], [0], [180], -2.0, 'registerzoff'
2, 25, 4.2, 2.26, -3.0, 102.8, -8.374, [10.0, 10.0], [0], [180], -2.5, 'registerzoff'
2, 25, 4.2, 2.26, -3.0, 102.8, -8.374, [10.0, 10.0], [0], [180], -3.0, 'registerzoff'
2, 25, 4.2, 2.26, -3.0, 102.8, -8.374, [10.0, 10.0], [0], [180], -3.5, 'registerzoff'
2, 25, 4.2, 2.26, -3.5, 102.8, -9.783, [10.0, 10.0], [0], [180], 2.0, 'registerzoff'
2, 25, 4.2, 2.26, -3.5, 102.8, -9.783, [10.0, 10.0], [0], [180], 2.5, 'registerzoff'
2, 25, 4.2, 2.26, -3.5, 102.8, -9.783, [10.0, 10.0], [0], [180], 3.0, 'registerzoff'
2, 25, 4.2, 2.26, -3.5, 102.8, -9.783, [10.0, 10.0], [0], [180], -2.0, 'registerzoff'
2, 25, 4.2, 2.26, -3.5, 102.8, -9.783, [10.0, 10.0], [0], [180], -2.5, 'registerzoff'
2, 25, 4.2, 2.26, -3.5, 102.8, -9.783, [10.0, 10.0], [0], [180], -3.0, 'registerzoff'
2, 25, 4.2, 2.26, -3.5, 102.8, -9.783, [10.0, 10.0], [0], [180], -3.5, 'registerzoff'
2, 25, 4.2, 2.26, -4.0, 102.8, -11.197, [10.0, 10.0], [0], [180], 2.0, 'registerzoff'
2, 25, 4.2, 2.26, -4.0, 102.8, -11.197, [10.0, 10.0], [0], [180], 2.5, 'registerzoff'
2, 25, 4.2, 2.26, -4.0, 102.8, -11.197, [10.0, 10.0], [0], [180], 3.0, 'registerzoff'
2, 25, 4.2, 2.26, -4.0, 102.8, -11.197, [10.0, 10.0], [0], [180], -2.0, 'registerzoff'
2, 25, 4.2, 2.26, -4.0, 102.8, -11.197, [10.0, 10.0], [0], [180], -2.5, 'registerzoff'
2, 25, 4.2, 2.26, -4.0, 102.8, -11.197, [10.0, 10.0], [0], [180], -3.0, 'registerzoff'
2, 25, 4.2, 2.26, -4.0, 102.8, -11.197, [10.0, 10.0], [0], [180], -3.5, 'registerzoff'
2, 25, 4.2, 2.26, -3.0, 102.8, -8.374, [20.0, 20.0], [0], [180], 2.0, 'registerzoff'
2, 25, 4.2, 2.26, -3.0, 102.8, -8.374, [20.0, 20.0], [0], [180], 2.5, 'registerzoff'
2, 25, 4.2, 2.26, -3.0, 102.8, -8.374, [20.0, 20.0], [0], [180], 3.0, 'registerzoff'
2, 25, 4.2, 2.26, -3.0, 102.8, -8.374, [20.0, 20.0], [0], [180], -2.0, 'registerzoff'
2, 25, 4.2, 2.26, -3.0, 102.8, -8.374, [20.0, 20.0], [0], [180], -2.5, 'registerzoff'
2, 25, 4.2, 2.26, -3.0, 102.8, -8.374, [20.0, 20.0], [0], [180], -3.0, 'registerzoff'
2, 25, 4.2, 2.26, -3.0, 102.8, -8.374, [20.0, 20.0], [0], [180], -3.5, 'registerzoff'
2, 25, 4.2, 2.26, -3.5, 102.8, -9.783, [20.0, 20.0], [0], [180], 2.0, 'registerzoff'
2, 25, 4.2, 2.26, -3.5, 102.8, -9.783, [20.0, 20.0], [0], [180], 2.5, 'registerzoff'
2, 25, 4.2, 2.26, -3.5, 102.8, -9.783, [20.0, 20.0], [0], [180], 3.0, 'registerzoff'
2, 25, 4.2, 2.26, -3.5, 102.8, -9.783, [20.0, 20.0], [0], [180], -2.0, 'registerzoff'
2, 25, 4.2, 2.26, -3.5, 102.8, -9.783, [20.0, 20.0], [0], [180], -2.5, 'registerzoff'
2, 25, 4.2, 2.26, -3.5, 102.8, -9.783, [20.0, 20.0], [0], [180], -3.0, 'registerzoff'
2, 25, 4.2, 2.26, -3.5, 102.8, -9.783, [20.0, 20.0], [0], [180], -3.5, 'registerzoff'
2, 25, 4.2, 2.26, -4.0, 102.8, -11.197, [20.0, 20.0], [0], [180], 2.0, 'registerzoff'
2, 25, 4.2, 2.26, -4.0, 102.8, -11.197, [20.0, 20.0], [0], [180], 2.5, 'registerzoff'
2, 25, 4.2, 2.26, -4.0, 102.8, -11.197, [20.0, 20.0], [0], [180], 3.0, 'registerzoff'
2, 25, 4.2, 2.26, -4.0, 102.8, -11.197, [20.0, 20.0], [0], [180], -2.0, 'registerzoff'
2, 25, 4.2, 2.26, -4.0, 102.8, -11.197, [20.0, 20.0], [0], [180], -2.5, 'registerzoff'
2, 25, 4.2, 2.26, -4.0, 102.8, -11.197, [20.0, 20.0], [0], [180], -3.0, 'registerzoff'
2, 25, 4.2, 2.26, -4.0, 102.8, -11.197, [20.0, 20.0], [0], [180], -3.5, 'registerzoff'
2, 25, 4.2, 2.26, -3.0, 102.8, -8.374, [30.0, 30.0], [0], [180], 2.0, 'registerzoff'
2, 25, 4.2, 2.26, -3.0, 102.8, -8.374, [30.0, 30.0], [0], [180], 2.5, 'registerzoff'
2, 25, 4.2, 2.26, -3.0, 102.8, -8.374, [30.0, 30.0], [0], [180], 3.0, 'registerzoff'
2, 25, 4.2, 2.26, -3.0, 102.8, -8.374, [30.0, 30.0], [0], [180], -2.0, 'registerzoff'
2, 25, 4.2, 2.26, -3.0, 102.8, -8.374, [30.0, 30.0], [0], [180], -2.5, 'registerzoff'
2, 25, 4.2, 2.26, -3.0, 102.8, -8.374, [30.0, 30.0], [0], [180], -3.0, 'registerzoff'
2, 25, 4.2, 2.26, -3.0, 102.8, -8.374, [30.0, 30.0], [0], [180], -3.5, 'registerzoff'
2, 25, 4.2, 2.26, -3.5, 102.8, -9.783, [30.0, 30.0], [0], [180], 2.0, 'registerzoff'
2, 25, 4.2, 2.26, -3.5, 102.8, -9.783, [30.0, 30.0], [0], [180], 2.5, 'registerzoff'
2, 25, 4.2, 2.26, -3.5, 102.8, -9.783, [30.0, 30.0], [0], [180], 3.0, 'registerzoff'
2, 25, 4.2, 2.26, -3.5, 102.8, -9.783, [30.0, 30.0], [0], [180], -2.0, 'registerzoff'
2, 25, 4.2, 2.26, -3.5, 102.8, -9.783, [30.0, 30.0], [0], [180], -2.5, 'registerzoff'
2, 25, 4.2, 2.26, -3.5, 102.8, -9.783, [30.0, 30.0], [0], [180], -3.0, 'registerzoff'
2, 25, 4.2, 2.26, -3.5, 102.8, -9.783, [30.0, 30.0], [0], [180], -3.5, 'registerzoff'
2, 25, 4.2, 2.26, -4.0, 102.8, -11.197, [30.0, 30.0], [0], [180], 2.0, 'registerzoff'
2, 25, 4.2, 2.26, -4.0, 102.8, -11.197, [30.0, 30.0], [0], [180], 2.5, 'registerzoff'
2, 25, 4.2, 2.26, -4.0, 102.8, -11.197, [30.0, 30.0], [0], [180], 3.0, 'registerzoff'
2, 25, 4.2, 2.26, -4.0, 102.8, -11.197, [30.0, 30.0], [0], [180], -2.0, 'registerzoff'
2, 25, 4.2, 2.26, -4.0, 102.8, -11.197, [30.0, 30.0], [0], [180], -2.5, 'registerzoff'
2, 25, 4.2, 2.26, -4.0, 102.8, -11.197, [30.0, 30.0], [0], [180], -3.0, 'registerzoff'
2, 25, 4.2, 2.26, -4.0, 102.8, -11.197, [30.0, 30.0], [0], [180], -3.5, 'registerzoff'
2, 25, 4.2, 2.26, -3.0, 102.8, -8.374, [40.0, 40.0], [0], [180], 2.0, 'registerzoff'
2, 25, 4.2, 2.26, -3.0, 102.8, -8.374, [40.0, 40.0], [0], [180], 2.5, 'registerzoff'
2, 25, 4.2, 2.26, -3.0, 102.8, -8.374, [40.0, 40.0], [0], [180], 3.0, 'registerzoff'
2, 25, 4.2, 2.26, -3.0, 102.8, -8.374, [40.0, 40.0], [0], [180], -2.0, 'registerzoff'
2, 25, 4.2, 2.26, -3.0, 102.8, -8.374, [40.0, 40.0], [0], [180], -2.5, 'registerzoff'
2, 25, 4.2, 2.26, -3.0, 102.8, -8.374, [40.0, 40.0], [0], [180], -3.0, 'registerzoff'
2, 25, 4.2, 2.26, -3.0, 102.8, -8.374, [40.0, 40.0], [0], [180], -3.5, 'registerzoff'
2, 25, 4.2, 2.26, -3.5, 102.8, -9.783, [40.0, 40.0], [0], [180], 2.0, 'registerzoff'
2, 25, 4.2, 2.26, -3.5, 102.8, -9.783, [40.0, 40.0], [0], [180], 2.5, 'registerzoff'
2, 25, 4.2, 2.26, -3.5, 102.8, -9.783, [40.0, 40.0], [0], [180], 3.0, 'registerzoff'
2, 25, 4.2, 2.26, -3.5, 102.8, -9.783, [40.0, 40.0], [0], [180], -2.0, 'registerzoff'
2, 25, 4.2, 2.26, -3.5, 102.8, -9.783, [40.0, 40.0], [0], [180], -2.5, 'registerzoff'
2, 25, 4.2, 2.26, -3.5, 102.8, -9.783, [40.0, 40.0], [0], [180], -3.0, 'registerzoff'
2, 25, 4.2, 2.26, -3.5, 102.8, -9.783, [40.0, 40.0], [0], [180], -3.5, 'registerzoff'
2, 25, 4.2, 2.26, -4.0, 102.8, -11.197, [40.0, 40.0], [0], [180], 2.0, 'registerzoff'
2, 25, 4.2, 2.26, -4.0, 102.8, -11.197, [40.0, 40.0], [0], [180], 2.5, 'registerzoff'
2, 25, 4.2, 2.26, -4.0, 102.8, -11.197, [40.0, 40.0], [0], [180], 3.0, 'registerzoff'
2, 25, 4.2, 2.26, -4.0, 102.8, -11.197, [40.0, 40.0], [0], [180], -2.0, 'registerzoff'
2, 25, 4.2, 2.26, -4.0, 102.8, -11.197, [40.0, 40.0], [0], [180], -2.5, 'registerzoff'
2, 25, 4.2, 2.26, -4.0, 102.8, -11.197, [40.0, 40.0], [0], [180], -3.0, 'registerzoff'
2, 25, 4.2, 2.26, -4.0, 102.8, -11.197, [40.0, 40.0], [0], [180], -3.5, 'registerzoff'
2, 25, 4.2, 2.26, -3.0, 102.8, -8.374, [50.0, 50.0], [0], [180], 2.0, 'registerzoff'
2, 25, 4.2, 2.26, -3.0, 102.8, -8.374, [50.0, 50.0], [0], [180], 2.5, 'registerzoff'
2, 25, 4.2, 2.26, -3.0, 102.8, -8.374, [50.0, 50.0], [0], [180], 3.0, 'registerzoff'
2, 25, 4.2, 2.26, -3.0, 102.8, -8.374, [50.0, 50.0], [0], [180], -2.0, 'registerzoff'
2, 25, 4.2, 2.26, -3.0, 102.8, -8.374, [50.0, 50.0], [0], [180], -2.5, 'registerzoff'
2, 25, 4.2, 2.26, -3.0, 102.8, -8.374, [50.0, 50.0], [0], [180], -3.0, 'registerzoff'
2, 25, 4.2, 2.26, -3.0, 102.8, -8.374, [50.0, 50.0], [0], [180], -3.5, 'registerzoff'
2, 25, 4.2, 2.26, -3.5, 102.8, -9.783, [50.0, 50.0], [0], [180], 2.0, 'registerzoff'
2, 25, 4.2, 2.26, -3.5, 102.8, -9.783, [50.0, 50.0], [0], [180], 2.5, 'registerzoff'
2, 25, 4.2, 2.26, -3.5, 102.8, -9.783, [50.0, 50.0], [0], [180], 3.0, 'registerzoff'
2, 25, 4.2, 2.26, -3.5, 102.8, -9.783, [50.0, 50.0], [0], [180], -2.0, 'registerzoff'
2, 25, 4.2, 2.26, -3.5, 102.8, -9.783, [50.0, 50.0], [0], [180], -2.5, 'registerzoff'
2, 25, 4.2, 2.26, -3.5, 102.8, -9.783, [50.0, 50.0], [0], [180], -3.0, 'registerzoff'
2, 25, 4.2, 2.26, -3.5, 102.8, -9.783, [50.0, 50.0], [0], [180], -3.5, 'registerzoff'
2, 25, 4.2, 2.26, -4.0, 102.8, -11.197, [50.0, 50.0], [0], [180], 2.0, 'registerzoff'
2, 25, 4.2, 2.26, -4.0, 102.8, -11.197, [50.0, 50.0], [0], [180], 2.5, 'registerzoff'
2, 25, 4.2, 2.26, -4.0, 102.8, -11.197, [50.0, 50.0], [0], [180], 3.0, 'registerzoff'
2, 25, 4.2, 2.26, -4.0, 102.8, -11.197, [50.0, 50.0], [0], [180], -2.0, 'registerzoff'
2, 25, 4.2, 2.26, -4.0, 102.8, -11.197, [50.0, 50.0], [0], [180], -2.5, 'registerzoff'
2, 25, 4.2, 2.26, -4.0, 102.8, -11.197, [50.0, 50.0], [0], [180], -3.0, 'registerzoff'
2, 25, 4.2, 2.26, -4.0, 102.8, -11.197, [50.0, 50.0], [0], [180], -3.5, 'registerzoff'
2, 25, 4.2, 2.26, -3.0, 102.8, -8.374, [60.0, 60.0], [0], [180], 2.0, 'registerzoff'
2, 25, 4.2, 2.26, -3.0, 102.8, -8.374, [60.0, 60.0], [0], [180], 2.5, 'registerzoff'
2, 25, 4.2, 2.26, -3.0, 102.8, -8.374, [60.0, 60.0], [0], [180], 3.0, 'registerzoff'
2, 25, 4.2, 2.26, -3.0, 102.8, -8.374, [60.0, 60.0], [0], [180], -2.0, 'registerzoff'
2, 25, 4.2, 2.26, -3.0, 102.8, -8.374, [60.0, 60.0], [0], [180], -2.5, 'registerzoff'
2, 25, 4.2, 2.26, -3.0, 102.8, -8.374, [60.0, 60.0], [0], [180], -3.0, 'registerzoff'
2, 25, 4.2, 2.26, -3.0, 102.8, -8.374, [60.0, 60.0], [0], [180], -3.5, 'registerzoff'
2, 25, 4.2, 2.26, -3.5, 102.8, -9.783, [60.0, 60.0], [0], [180], 2.0, 'registerzoff'
2, 25, 4.2, 2.26, -3.5, 102.8, -9.783, [60.0, 60.0], [0], [180], 2.5, 'registerzoff'
2, 25, 4.2, 2.26, -3.5, 102.8, -9.783, [60.0, 60.0], [0], [180], 3.0, 'registerzoff'
2, 25, 4.2, 2.26, -3.5, 102.8, -9.783, [60.0, 60.0], [0], [180], -2.0, 'registerzoff'
2, 25, 4.2, 2.26, -3.5, 102.8, -9.783, [60.0, 60.0], [0], [180], -2.5, 'registerzoff'
2, 25, 4.2, 2.26, -3.5, 102.8, -9.783, [60.0, 60.0], [0], [180], -3.0, 'registerzoff'
2, 25, 4.2, 2.26, -3.5, 102.8, -9.783, [60.0, 60.0], [0], [180], -3.5, 'registerzoff'
2, 25, 4.2, 2.26, -4.0, 102.8, -11.197, [60.0, 60.0], [0], [180], 2.0, 'registerzoff'
2, 25, 4.2, 2.26, -4.0, 102.8, -11.197, [60.0, 60.0], [0], [180], 2.5, 'registerzoff'
2, 25, 4.2, 2.26, -4.0, 102.8, -11.197, [60.0, 60.0], [0], [180], 3.0, 'registerzoff'
2, 25, 4.2, 2.26, -4.0, 102.8, -11.197, [60.0, 60.0], [0], [180], -2.0, 'registerzoff'
2, 25, 4.2, 2.26, -4.0, 102.8, -11.197, [60.0, 60.0], [0], [180], -2.5, 'registerzoff'
2, 25, 4.2, 2.26, -4.0, 102.8, -11.197, [60.0, 60.0], [0], [180], -3.0, 'registerzoff'
2, 25, 4.2, 2.26, -4.0, 102.8, -11.197, [60.0, 60.0], [0], [180], -3.5, 'registerzoff'
2, 25, 4.2, 2.26, -3.0, 102.8, -8.374, [70.0, 70.0], [0], [180], 2.0, 'registerzoff'
2, 25, 4.2, 2.26, -3.0, 102.8, -8.374, [70.0, 70.0], [0], [180], 2.5, 'registerzoff'
2, 25, 4.2, 2.26, -3.0, 102.8, -8.374, [70.0, 70.0], [0], [180], 3.0, 'registerzoff'
2, 25, 4.2, 2.26, -3.0, 102.8, -8.374, [70.0, 70.0], [0], [180], -2.0, 'registerzoff'
2, 25, 4.2, 2.26, -3.0, 102.8, -8.374, [70.0, 70.0], [0], [180], -2.5, 'registerzoff'
2, 25, 4.2, 2.26, -3.0, 102.8, -8.374, [70.0, 70.0], [0], [180], -3.0, 'registerzoff'
2, 25, 4.2, 2.26, -3.0, 102.8, -8.374, [70.0, 70.0], [0], [180], -3.5, 'registerzoff'
2, 25, 4.2, 2.26, -3.5, 102.8, -9.783, [70.0, 70.0], [0], [180], 2.0, 'registerzoff'
2, 25, 4.2, 2.26, -3.5, 102.8, -9.783, [70.0, 70.0], [0], [180], 2.5, 'registerzoff'
2, 25, 4.2, 2.26, -3.5, 102.8, -9.783, [70.0, 70.0], [0], [180], 3.0, 'registerzoff'
2, 25, 4.2, 2.26, -3.5, 102.8, -9.783, [70.0, 70.0], [0], [180], -2.0, 'registerzoff'
2, 25, 4.2, 2.26, -3.5, 102.8, -9.783, [70.0, 70.0], [0], [180], -2.5, 'registerzoff'
2, 25, 4.2, 2.26, -3.5, 102.8, -9.783, [70.0, 70.0], [0], [180], -3.0, 'registerzoff'
2, 25, 4.2, 2.26, -3.5, 102.8, -9.783, [70.0, 70.0], [0], [180], -3.5, 'registerzoff'
2, 25, 4.2, 2.26, -4.0, 102.8, -11.197, [70.0, 70.0], [0], [180], 2.0, 'registerzoff'
2, 25, 4.2, 2.26, -4.0, 102.8, -11.197, [70.0, 70.0], [0], [180], 2.5, 'registerzoff'
2, 25, 4.2, 2.26, -4.0, 102.8, -11.197, [70.0, 70.0], [0], [180], 3.0, 'registerzoff'
2, 25, 4.2, 2.26, -4.0, 102.8, -11.197, [70.0, 70.0], [0], [180], -2.0, 'registerzoff'
2, 25, 4.2, 2.26, -4.0, 102.8, -11.197, [70.0, 70.0], [0], [180], -2.5, 'registerzoff'
2, 25, 4.2, 2.26, -4.0, 102.8, -11.197, [70.0, 70.0], [0], [180], -3.0, 'registerzoff'
2, 25, 4.2, 2.26, -4.0, 102.8, -11.197, [70.0, 70.0], [0], [180], -3.5, 'registerzoff'
2, 25, 4.2, 2.26, -3.0, 102.8, -8.374, [80.0, 80.0], [0], [180], 2.0, 'registerzoff'
2, 25, 4.2, 2.26, -3.0, 102.8, -8.374, [80.0, 80.0], [0], [180], 2.5, 'registerzoff'
2, 25, 4.2, 2.26, -3.0, 102.8, -8.374, [80.0, 80.0], [0], [180], 3.0, 'registerzoff'
2, 25, 4.2, 2.26, -3.0, 102.8, -8.374, [80.0, 80.0], [0], [180], -2.0, 'registerzoff'
2, 25, 4.2, 2.26, -3.0, 102.8, -8.374, [80.0, 80.0], [0], [180], -2.5, 'registerzoff'
2, 25, 4.2, 2.26, -3.0, 102.8, -8.374, [80.0, 80.0], [0], [180], -3.0, 'registerzoff'
2, 25, 4.2, 2.26, -3.0, 102.8, -8.374, [80.0, 80.0], [0], [180], -3.5, 'registerzoff'
2, 25, 4.2, 2.26, -3.5, 102.8, -9.783, [80.0, 80.0], [0], [180], 2.0, 'registerzoff'
2, 25, 4.2, 2.26, -3.5, 102.8, -9.783, [80.0, 80.0], [0], [180], 2.5, 'registerzoff'
2, 25, 4.2, 2.26, -3.5, 102.8, -9.783, [80.0, 80.0], [0], [180], 3.0, 'registerzoff'
2, 25, 4.2, 2.26, -3.5, 102.8, -9.783, [80.0, 80.0], [0], [180], -2.0, 'registerzoff'
2, 25, 4.2, 2.26, -3.5, 102.8, -9.783, [80.0, 80.0], [0], [180], -2.5, 'registerzoff'
2, 25, 4.2, 2.26, -3.5, 102.8, -9.783, [80.0, 80.0], [0], [180], -3.0, 'registerzoff'
2, 25, 4.2, 2.26, -3.5, 102.8, -9.783, [80.0, 80.0], [0], [180], -3.5, 'registerzoff'
2, 25, 4.2, 2.26, -4.0, 102.8, -11.197, [80.0, 80.0], [0], [180], 2.0, 'registerzoff'
2, 25, 4.2, 2.26, -4.0, 102.8, -11.197, [80.0, 80.0], [0], [180], 2.5, 'registerzoff'
2, 25, 4.2, 2.26, -4.0, 102.8, -11.197, [80.0, 80.0], [0], [180], 3.0, 'registerzoff'
2, 25, 4.2, 2.26, -4.0, 102.8, -11.197, [80.0, 80.0], [0], [180], -2.0, 'registerzoff'
2, 25, 4.2, 2.26, -4.0, 102.8, -11.197, [80.0, 80.0], [0], [180], -2.5, 'registerzoff'
2, 25, 4.2, 2.26, -4.0, 102.8, -11.197, [80.0, 80.0], [0], [180], -3.0, 'registerzoff'
2, 25, 4.2, 2.26, -4.0, 102.8, -11.197, [80.0, 80.0], [0], [180], -3.5, 'registerzoff'
2, 25, 4.2, 2.26, -3.0, 102.8, -8.374, [90.0, 90.0], [0], [180], 2.0, 'registerzoff'
2, 25, 4.2, 2.26, -3.0, 102.8, -8.374, [90.0, 90.0], [0], [180], 2.5, 'registerzoff'
2, 25, 4.2, 2.26, -3.0, 102.8, -8.374, [90.0, 90.0], [0], [180], 3.0, 'registerzoff'
2, 25, 4.2, 2.26, -3.0, 102.8, -8.374, [90.0, 90.0], [0], [180], -2.0, 'registerzoff'
2, 25, 4.2, 2.26, -3.0, 102.8, -8.374, [90.0, 90.0], [0], [180], -2.5, 'registerzoff'
2, 25, 4.2, 2.26, -3.0, 102.8, -8.374, [90.0, 90.0], [0], [180], -3.0, 'registerzoff'
2, 25, 4.2, 2.26, -3.0, 102.8, -8.374, [90.0, 90.0], [0], [180], -3.5, 'registerzoff'
2, 25, 4.2, 2.26, -3.5, 102.8, -9.783, [90.0, 90.0], [0], [180], 2.0, 'registerzoff'
2, 25, 4.2, 2.26, -3.5, 102.8, -9.783, [90.0, 90.0], [0], [180], 2.5, 'registerzoff'
2, 25, 4.2, 2.26, -3.5, 102.8, -9.783, [90.0, 90.0], [0], [180], 3.0, 'registerzoff'
2, 25, 4.2, 2.26, -3.5, 102.8, -9.783, [90.0, 90.0], [0], [180], -2.0, 'registerzoff'
2, 25, 4.2, 2.26, -3.5, 102.8, -9.783, [90.0, 90.0], [0], [180], -2.5, 'registerzoff'
2, 25, 4.2, 2.26, -3.5, 102.8, -9.783, [90.0, 90.0], [0], [180], -3.0, 'registerzoff'
2, 25, 4.2, 2.26, -3.5, 102.8, -9.783, [90.0, 90.0], [0], [180], -3.5, 'registerzoff'
2, 25, 4.2, 2.26, -4.0, 102.8, -11.197, [90.0, 90.0], [0], [180], 2.0, 'registerzoff'
2, 25, 4.2, 2.26, -4.0, 102.8, -11.197, [90.0, 90.0], [0], [180], 2.5, 'registerzoff'
2, 25, 4.2, 2.26, -4.0, 102.8, -11.197, [90.0, 90.0], [0], [180], 3.0, 'registerzoff'
2, 25, 4.2, 2.26, -4.0, 102.8, -11.197, [90.0, 90.0], [0], [180], -2.0, 'registerzoff'
2, 25, 4.2, 2.26, -4.0, 102.8, -11.197, [90.0, 90.0], [0], [180], -2.5, 'registerzoff'
2, 25, 4.2, 2.26, -4.0, 102.8, -11.197, [90.0, 90.0], [0], [180], -3.0, 'registerzoff'
2, 25, 4.2, 2.26, -4.0, 102.8, -11.197, [90.0, 90.0], [0], [180], -3.5, 'registerzoff'
2, 25, 4.2, 2.26, -3.0, 102.8, -8.374, [100.0, 100.0], [0], [180], 2.0, 'registerzoff'
2, 25, 4.2, 2.26, -3.0, 102.8, -8.374, [100.0, 100.0], [0], [180], 2.5, 'registerzoff'
2, 25, 4.2, 2.26, -3.0, 102.8, -8.374, [100.0, 100.0], [0], [180], 3.0, 'registerzoff'
2, 25, 4.2, 2.26, -3.0, 102.8, -8.374, [100.0, 100.0], [0], [180], -2.0, 'registerzoff'
2, 25, 4.2, 2.26, -3.0, 102.8, -8.374, [100.0, 100.0], [0], [180], -2.5, 'registerzoff'
2, 25, 4.2, 2.26, -3.0, 102.8, -8.374, [100.0, 100.0], [0], [180], -3.0, 'registerzoff'
2, 25, 4.2, 2.26, -3.0, 102.8, -8.374, [100.0, 100.0], [0], [180], -3.5, 'registerzoff'
2, 25, 4.2, 2.26, -3.5, 102.8, -9.783, [100.0, 100.0], [0], [180], 2.0, 'registerzoff'
2, 25, 4.2, 2.26, -3.5, 102.8, -9.783, [100.0, 100.0], [0], [180], 2.5, 'registerzoff'
2, 25, 4.2, 2.26, -3.5, 102.8, -9.783, [100.0, 100.0], [0], [180], 3.0, 'registerzoff'
2, 25, 4.2, 2.26, -3.5, 102.8, -9.783, [100.0, 100.0], [0], [180], -2.0, 'registerzoff'
2, 25, 4.2, 2.26, -3.5, 102.8, -9.783, [100.0, 100.0], [0], [180], -2.5, 'registerzoff'
2, 25, 4.2, 2.26, -3.5, 102.8, -9.783, [100.0, 100.0], [0], [180], -3.0, 'registerzoff'
2, 25, 4.2, 2.26, -3.5, 102.8, -9.783, [100.0, 100.0], [0], [180], -3.5, 'registerzoff'
2, 25, 4.2, 2.26, -4.0, 102.8, -11.197, [100.0, 100.0], [0], [180], 2.0, 'registerzoff'
2, 25, 4.2, 2.26, -4.0, 102.8, -11.197, [100.0, 100.0], [0], [180], 2.5, 'registerzoff'
2, 25, 4.2, 2.26, -4.0, 102.8, -11.197, [100.0, 100.0], [0], [180], 3.0, 'registerzoff'
2, 25, 4.2, 2.26, -4.0, 102.8, -11.197, [100.0, 100.0], [0], [180], -2.0, 'registerzoff'
2, 25, 4.2, 2.26, -4.0, 102.8, -11.197, [100.0, 100.0], [0], [180], -2.5, 'registerzoff'
2, 25, 4.2, 2.26, -4.0, 102.8, -11.197, [100.0, 100.0], [0], [180], -3.0, 'registerzoff'
2, 25, 4.2, 2.26, -4.0, 102.8, -11.197, [100.0, 100.0], [0], [180], -3.5, 'registerzoff'
