29 mini_c2tm_0.seq 3.8, 2.26, -3.0, 102.8, -7.572, [10.0], [1], [180], 2.0
29 mini_c2tm_100.seq 3.8, 2.26, -4.0, 102.8, -10.119, [50.0], [1], [180], 3.0
38 mini_c2tm_101.seq 3.8, 2.26, -4.0, 102.8, -10.119, [50.0], [1], [180], -2.0
34 mini_c2tm_102.seq 3.8, 2.26, -4.0, 102.8, -10.119, [50.0], [1], [180], -2.5
29 mini_c2tm_103.seq 3.8, 2.26, -4.0, 102.8, -10.119, [50.0], [1], [180], -3.0
27 mini_c2tm_104.seq 3.8, 2.26, -4.0, 102.8, -10.119, [50.0], [1], [180], -3.5
40 mini_c2tm_105.seq 3.8, 2.26, -3.0, 102.8, -7.572, [60.0], [1], [180], 2.0
37 mini_c2tm_106.seq 3.8, 2.26, -3.0, 102.8, -7.572, [60.0], [1], [180], 2.5
39 mini_c2tm_107.seq 3.8, 2.26, -3.0, 102.8, -7.572, [60.0], [1], [180], 3.0
40 mini_c2tm_108.seq 3.8, 2.26, -3.0, 102.8, -7.572, [60.0], [1], [180], -2.0
37 mini_c2tm_109.seq 3.8, 2.26, -3.0, 102.8, -7.572, [60.0], [1], [180], -2.5
26 mini_c2tm_10.seq 3.8, 2.26, -3.5, 102.8, -8.843, [10.0], [1], [180], -2.0
39 mini_c2tm_110.seq 3.8, 2.26, -3.0, 102.8, -7.572, [60.0], [1], [180], -3.0
39 mini_c2tm_111.seq 3.8, 2.26, -3.0, 102.8, -7.572, [60.0], [1], [180], -3.5
37 mini_c2tm_112.seq 3.8, 2.26, -3.5, 102.8, -8.843, [60.0], [1], [180], 2.0
37 mini_c2tm_113.seq 3.8, 2.26, -3.5, 102.8, -8.843, [60.0], [1], [180], 2.5
38 mini_c2tm_114.seq 3.8, 2.26, -3.5, 102.8, -8.843, [60.0], [1], [180], 3.0
37 mini_c2tm_115.seq 3.8, 2.26, -3.5, 102.8, -8.843, [60.0], [1], [180], -2.0
37 mini_c2tm_116.seq 3.8, 2.26, -3.5, 102.8, -8.843, [60.0], [1], [180], -2.5
38 mini_c2tm_117.seq 3.8, 2.26, -3.5, 102.8, -8.843, [60.0], [1], [180], -3.0
38 mini_c2tm_118.seq 3.8, 2.26, -3.5, 102.8, -8.843, [60.0], [1], [180], -3.5
31 mini_c2tm_119.seq 3.8, 2.26, -4.0, 102.8, -10.119, [60.0], [1], [180], 2.0
24 mini_c2tm_11.seq 3.8, 2.26, -3.5, 102.8, -8.843, [10.0], [1], [180], -2.5
34 mini_c2tm_120.seq 3.8, 2.26, -4.0, 102.8, -10.119, [60.0], [1], [180], 2.5
35 mini_c2tm_121.seq 3.8, 2.26, -4.0, 102.8, -10.119, [60.0], [1], [180], 3.0
31 mini_c2tm_122.seq 3.8, 2.26, -4.0, 102.8, -10.119, [60.0], [1], [180], -2.0
34 mini_c2tm_123.seq 3.8, 2.26, -4.0, 102.8, -10.119, [60.0], [1], [180], -2.5
35 mini_c2tm_124.seq 3.8, 2.26, -4.0, 102.8, -10.119, [60.0], [1], [180], -3.0
34 mini_c2tm_125.seq 3.8, 2.26, -4.0, 102.8, -10.119, [60.0], [1], [180], -3.5
33 mini_c2tm_126.seq 3.8, 2.26, -3.0, 102.8, -7.572, [70.0], [1], [180], 2.0
34 mini_c2tm_127.seq 3.8, 2.26, -3.0, 102.8, -7.572, [70.0], [1], [180], 2.5
33 mini_c2tm_128.seq 3.8, 2.26, -3.0, 102.8, -7.572, [70.0], [1], [180], 3.0
33 mini_c2tm_129.seq 3.8, 2.26, -3.0, 102.8, -7.572, [70.0], [1], [180], -2.0
24 mini_c2tm_12.seq 3.8, 2.26, -3.5, 102.8, -8.843, [10.0], [1], [180], -3.0
34 mini_c2tm_130.seq 3.8, 2.26, -3.0, 102.8, -7.572, [70.0], [1], [180], -2.5
33 mini_c2tm_131.seq 3.8, 2.26, -3.0, 102.8, -7.572, [70.0], [1], [180], -3.0
33 mini_c2tm_132.seq 3.8, 2.26, -3.0, 102.8, -7.572, [70.0], [1], [180], -3.5
30 mini_c2tm_133.seq 3.8, 2.26, -3.5, 102.8, -8.843, [70.0], [1], [180], 2.0
35 mini_c2tm_134.seq 3.8, 2.26, -3.5, 102.8, -8.843, [70.0], [1], [180], 2.5
31 mini_c2tm_135.seq 3.8, 2.26, -3.5, 102.8, -8.843, [70.0], [1], [180], 3.0
30 mini_c2tm_136.seq 3.8, 2.26, -3.5, 102.8, -8.843, [70.0], [1], [180], -2.0
35 mini_c2tm_137.seq 3.8, 2.26, -3.5, 102.8, -8.843, [70.0], [1], [180], -2.5
31 mini_c2tm_138.seq 3.8, 2.26, -3.5, 102.8, -8.843, [70.0], [1], [180], -3.0
33 mini_c2tm_139.seq 3.8, 2.26, -3.5, 102.8, -8.843, [70.0], [1], [180], -3.5
27 mini_c2tm_13.seq 3.8, 2.26, -3.5, 102.8, -8.843, [10.0], [1], [180], -3.5
29 mini_c2tm_140.seq 3.8, 2.26, -4.0, 102.8, -10.119, [70.0], [1], [180], 2.0
32 mini_c2tm_141.seq 3.8, 2.26, -4.0, 102.8, -10.119, [70.0], [1], [180], 2.5
30 mini_c2tm_142.seq 3.8, 2.26, -4.0, 102.8, -10.119, [70.0], [1], [180], 3.0
29 mini_c2tm_143.seq 3.8, 2.26, -4.0, 102.8, -10.119, [70.0], [1], [180], -2.0
32 mini_c2tm_144.seq 3.8, 2.26, -4.0, 102.8, -10.119, [70.0], [1], [180], -2.5
30 mini_c2tm_145.seq 3.8, 2.26, -4.0, 102.8, -10.119, [70.0], [1], [180], -3.0
28 mini_c2tm_146.seq 3.8, 2.26, -4.0, 102.8, -10.119, [70.0], [1], [180], -3.5
30 mini_c2tm_147.seq 3.8, 2.26, -3.0, 102.8, -7.572, [80.0], [1], [180], 2.0
35 mini_c2tm_148.seq 3.8, 2.26, -3.0, 102.8, -7.572, [80.0], [1], [180], 2.5
36 mini_c2tm_149.seq 3.8, 2.26, -3.0, 102.8, -7.572, [80.0], [1], [180], 3.0
26 mini_c2tm_14.seq 3.8, 2.26, -4.0, 102.8, -10.119, [10.0], [1], [180], 2.0
30 mini_c2tm_150.seq 3.8, 2.26, -3.0, 102.8, -7.572, [80.0], [1], [180], -2.0
35 mini_c2tm_151.seq 3.8, 2.26, -3.0, 102.8, -7.572, [80.0], [1], [180], -2.5
36 mini_c2tm_152.seq 3.8, 2.26, -3.0, 102.8, -7.572, [80.0], [1], [180], -3.0
36 mini_c2tm_153.seq 3.8, 2.26, -3.0, 102.8, -7.572, [80.0], [1], [180], -3.5
34 mini_c2tm_154.seq 3.8, 2.26, -3.5, 102.8, -8.843, [80.0], [1], [180], 2.0
37 mini_c2tm_155.seq 3.8, 2.26, -3.5, 102.8, -8.843, [80.0], [1], [180], 2.5
35 mini_c2tm_156.seq 3.8, 2.26, -3.5, 102.8, -8.843, [80.0], [1], [180], 3.0
34 mini_c2tm_157.seq 3.8, 2.26, -3.5, 102.8, -8.843, [80.0], [1], [180], -2.0
37 mini_c2tm_158.seq 3.8, 2.26, -3.5, 102.8, -8.843, [80.0], [1], [180], -2.5
35 mini_c2tm_159.seq 3.8, 2.26, -3.5, 102.8, -8.843, [80.0], [1], [180], -3.0
24 mini_c2tm_15.seq 3.8, 2.26, -4.0, 102.8, -10.119, [10.0], [1], [180], 2.5
40 mini_c2tm_160.seq 3.8, 2.26, -3.5, 102.8, -8.843, [80.0], [1], [180], -3.5
31 mini_c2tm_161.seq 3.8, 2.26, -4.0, 102.8, -10.119, [80.0], [1], [180], 2.0
33 mini_c2tm_162.seq 3.8, 2.26, -4.0, 102.8, -10.119, [80.0], [1], [180], 2.5
34 mini_c2tm_163.seq 3.8, 2.26, -4.0, 102.8, -10.119, [80.0], [1], [180], 3.0
31 mini_c2tm_164.seq 3.8, 2.26, -4.0, 102.8, -10.119, [80.0], [1], [180], -2.0
33 mini_c2tm_165.seq 3.8, 2.26, -4.0, 102.8, -10.119, [80.0], [1], [180], -2.5
34 mini_c2tm_166.seq 3.8, 2.26, -4.0, 102.8, -10.119, [80.0], [1], [180], -3.0
33 mini_c2tm_167.seq 3.8, 2.26, -4.0, 102.8, -10.119, [80.0], [1], [180], -3.5
43 mini_c2tm_168.seq 3.8, 2.26, -3.0, 102.8, -7.572, [90.0], [1], [180], 2.0
38 mini_c2tm_169.seq 3.8, 2.26, -3.0, 102.8, -7.572, [90.0], [1], [180], 2.5
21 mini_c2tm_16.seq 3.8, 2.26, -4.0, 102.8, -10.119, [10.0], [1], [180], 3.0
40 mini_c2tm_170.seq 3.8, 2.26, -3.0, 102.8, -7.572, [90.0], [1], [180], 3.0
43 mini_c2tm_171.seq 3.8, 2.26, -3.0, 102.8, -7.572, [90.0], [1], [180], -2.0
38 mini_c2tm_172.seq 3.8, 2.26, -3.0, 102.8, -7.572, [90.0], [1], [180], -2.5
40 mini_c2tm_173.seq 3.8, 2.26, -3.0, 102.8, -7.572, [90.0], [1], [180], -3.0
37 mini_c2tm_174.seq 3.8, 2.26, -3.0, 102.8, -7.572, [90.0], [1], [180], -3.5
43 mini_c2tm_175.seq 3.8, 2.26, -3.5, 102.8, -8.843, [90.0], [1], [180], 2.0
40 mini_c2tm_176.seq 3.8, 2.26, -3.5, 102.8, -8.843, [90.0], [1], [180], 2.5
38 mini_c2tm_177.seq 3.8, 2.26, -3.5, 102.8, -8.843, [90.0], [1], [180], 3.0
43 mini_c2tm_178.seq 3.8, 2.26, -3.5, 102.8, -8.843, [90.0], [1], [180], -2.0
40 mini_c2tm_179.seq 3.8, 2.26, -3.5, 102.8, -8.843, [90.0], [1], [180], -2.5
26 mini_c2tm_17.seq 3.8, 2.26, -4.0, 102.8, -10.119, [10.0], [1], [180], -2.0
38 mini_c2tm_180.seq 3.8, 2.26, -3.5, 102.8, -8.843, [90.0], [1], [180], -3.0
34 mini_c2tm_181.seq 3.8, 2.26, -3.5, 102.8, -8.843, [90.0], [1], [180], -3.5
34 mini_c2tm_182.seq 3.8, 2.26, -4.0, 102.8, -10.119, [90.0], [1], [180], 2.0
35 mini_c2tm_183.seq 3.8, 2.26, -4.0, 102.8, -10.119, [90.0], [1], [180], 2.5
34 mini_c2tm_184.seq 3.8, 2.26, -4.0, 102.8, -10.119, [90.0], [1], [180], 3.0
34 mini_c2tm_185.seq 3.8, 2.26, -4.0, 102.8, -10.119, [90.0], [1], [180], -2.0
35 mini_c2tm_186.seq 3.8, 2.26, -4.0, 102.8, -10.119, [90.0], [1], [180], -2.5
34 mini_c2tm_187.seq 3.8, 2.26, -4.0, 102.8, -10.119, [90.0], [1], [180], -3.0
32 mini_c2tm_188.seq 3.8, 2.26, -4.0, 102.8, -10.119, [90.0], [1], [180], -3.5
36 mini_c2tm_189.seq 3.8, 2.26, -3.0, 102.8, -7.572, [100.0], [1], [180], 2.0
24 mini_c2tm_18.seq 3.8, 2.26, -4.0, 102.8, -10.119, [10.0], [1], [180], -2.5
35 mini_c2tm_190.seq 3.8, 2.26, -3.0, 102.8, -7.572, [100.0], [1], [180], 2.5
36 mini_c2tm_191.seq 3.8, 2.26, -3.0, 102.8, -7.572, [100.0], [1], [180], 3.0
36 mini_c2tm_192.seq 3.8, 2.26, -3.0, 102.8, -7.572, [100.0], [1], [180], -2.0
35 mini_c2tm_193.seq 3.8, 2.26, -3.0, 102.8, -7.572, [100.0], [1], [180], -2.5
36 mini_c2tm_194.seq 3.8, 2.26, -3.0, 102.8, -7.572, [100.0], [1], [180], -3.0
38 mini_c2tm_195.seq 3.8, 2.26, -3.0, 102.8, -7.572, [100.0], [1], [180], -3.5
31 mini_c2tm_196.seq 3.8, 2.26, -3.5, 102.8, -8.843, [100.0], [1], [180], 2.0
34 mini_c2tm_197.seq 3.8, 2.26, -3.5, 102.8, -8.843, [100.0], [1], [180], 2.5
33 mini_c2tm_198.seq 3.8, 2.26, -3.5, 102.8, -8.843, [100.0], [1], [180], 3.0
31 mini_c2tm_199.seq 3.8, 2.26, -3.5, 102.8, -8.843, [100.0], [1], [180], -2.0
21 mini_c2tm_19.seq 3.8, 2.26, -4.0, 102.8, -10.119, [10.0], [1], [180], -3.0
30 mini_c2tm_1.seq 3.8, 2.26, -3.0, 102.8, -7.572, [10.0], [1], [180], 2.5
34 mini_c2tm_200.seq 3.8, 2.26, -3.5, 102.8, -8.843, [100.0], [1], [180], -2.5
33 mini_c2tm_201.seq 3.8, 2.26, -3.5, 102.8, -8.843, [100.0], [1], [180], -3.0
33 mini_c2tm_202.seq 3.8, 2.26, -3.5, 102.8, -8.843, [100.0], [1], [180], -3.5
29 mini_c2tm_203.seq 3.8, 2.26, -4.0, 102.8, -10.119, [100.0], [1], [180], 2.0
29 mini_c2tm_204.seq 3.8, 2.26, -4.0, 102.8, -10.119, [100.0], [1], [180], 2.5
28 mini_c2tm_205.seq 3.8, 2.26, -4.0, 102.8, -10.119, [100.0], [1], [180], 3.0
29 mini_c2tm_206.seq 3.8, 2.26, -4.0, 102.8, -10.119, [100.0], [1], [180], -2.0
29 mini_c2tm_207.seq 3.8, 2.26, -4.0, 102.8, -10.119, [100.0], [1], [180], -2.5
28 mini_c2tm_208.seq 3.8, 2.26, -4.0, 102.8, -10.119, [100.0], [1], [180], -3.0
30 mini_c2tm_209.seq 3.8, 2.26, -4.0, 102.8, -10.119, [100.0], [1], [180], -3.5
28 mini_c2tm_20.seq 3.8, 2.26, -4.0, 102.8, -10.119, [10.0], [1], [180], -3.5
50 mini_c2tm_210.seq 4.0, 2.26, -3.0, 102.8, -7.973, [10.0], [1], [180], 2.0
42 mini_c2tm_211.seq 4.0, 2.26, -3.0, 102.8, -7.973, [10.0], [1], [180], 2.5
46 mini_c2tm_212.seq 4.0, 2.26, -3.0, 102.8, -7.973, [10.0], [1], [180], 3.0
50 mini_c2tm_213.seq 4.0, 2.26, -3.0, 102.8, -7.973, [10.0], [1], [180], -2.0
42 mini_c2tm_214.seq 4.0, 2.26, -3.0, 102.8, -7.973, [10.0], [1], [180], -2.5
46 mini_c2tm_215.seq 4.0, 2.26, -3.0, 102.8, -7.973, [10.0], [1], [180], -3.0
47 mini_c2tm_216.seq 4.0, 2.26, -3.0, 102.8, -7.973, [10.0], [1], [180], -3.5
45 mini_c2tm_217.seq 4.0, 2.26, -3.5, 102.8, -9.312, [10.0], [1], [180], 2.0
43 mini_c2tm_218.seq 4.0, 2.26, -3.5, 102.8, -9.312, [10.0], [1], [180], 2.5
42 mini_c2tm_219.seq 4.0, 2.26, -3.5, 102.8, -9.312, [10.0], [1], [180], 3.0
19 mini_c2tm_21.seq 3.8, 2.26, -3.0, 102.8, -7.572, [20.0], [1], [180], 2.0
45 mini_c2tm_220.seq 4.0, 2.26, -3.5, 102.8, -9.312, [10.0], [1], [180], -2.0
43 mini_c2tm_221.seq 4.0, 2.26, -3.5, 102.8, -9.312, [10.0], [1], [180], -2.5
42 mini_c2tm_222.seq 4.0, 2.26, -3.5, 102.8, -9.312, [10.0], [1], [180], -3.0
48 mini_c2tm_223.seq 4.0, 2.26, -3.5, 102.8, -9.312, [10.0], [1], [180], -3.5
40 mini_c2tm_224.seq 4.0, 2.26, -4.0, 102.8, -10.657, [10.0], [1], [180], 2.0
40 mini_c2tm_225.seq 4.0, 2.26, -4.0, 102.8, -10.657, [10.0], [1], [180], 2.5
39 mini_c2tm_226.seq 4.0, 2.26, -4.0, 102.8, -10.657, [10.0], [1], [180], 3.0
40 mini_c2tm_227.seq 4.0, 2.26, -4.0, 102.8, -10.657, [10.0], [1], [180], -2.0
39 mini_c2tm_228.seq 4.0, 2.26, -4.0, 102.8, -10.657, [10.0], [1], [180], -2.5
39 mini_c2tm_229.seq 4.0, 2.26, -4.0, 102.8, -10.657, [10.0], [1], [180], -3.0
26 mini_c2tm_22.seq 3.8, 2.26, -3.0, 102.8, -7.572, [20.0], [1], [180], 2.5
44 mini_c2tm_230.seq 4.0, 2.26, -4.0, 102.8, -10.657, [10.0], [1], [180], -3.5
44 mini_c2tm_231.seq 4.0, 2.26, -3.0, 102.8, -7.973, [20.0], [1], [180], 2.0
47 mini_c2tm_232.seq 4.0, 2.26, -3.0, 102.8, -7.973, [20.0], [1], [180], 2.5
50 mini_c2tm_233.seq 4.0, 2.26, -3.0, 102.8, -7.973, [20.0], [1], [180], 3.0
44 mini_c2tm_234.seq 4.0, 2.26, -3.0, 102.8, -7.973, [20.0], [1], [180], -2.0
47 mini_c2tm_235.seq 4.0, 2.26, -3.0, 102.8, -7.973, [20.0], [1], [180], -2.5
50 mini_c2tm_236.seq 4.0, 2.26, -3.0, 102.8, -7.973, [20.0], [1], [180], -3.0
48 mini_c2tm_237.seq 4.0, 2.26, -3.0, 102.8, -7.973, [20.0], [1], [180], -3.5
44 mini_c2tm_238.seq 4.0, 2.26, -3.5, 102.8, -9.312, [20.0], [1], [180], 2.0
43 mini_c2tm_239.seq 4.0, 2.26, -3.5, 102.8, -9.312, [20.0], [1], [180], 2.5
23 mini_c2tm_23.seq 3.8, 2.26, -3.0, 102.8, -7.572, [20.0], [1], [180], 3.0
47 mini_c2tm_240.seq 4.0, 2.26, -3.5, 102.8, -9.312, [20.0], [1], [180], 3.0
44 mini_c2tm_241.seq 4.0, 2.26, -3.5, 102.8, -9.312, [20.0], [1], [180], -2.0
43 mini_c2tm_242.seq 4.0, 2.26, -3.5, 102.8, -9.312, [20.0], [1], [180], -2.5
47 mini_c2tm_243.seq 4.0, 2.26, -3.5, 102.8, -9.312, [20.0], [1], [180], -3.0
46 mini_c2tm_244.seq 4.0, 2.26, -3.5, 102.8, -9.312, [20.0], [1], [180], -3.5
42 mini_c2tm_245.seq 4.0, 2.26, -4.0, 102.8, -10.657, [20.0], [1], [180], 2.0
40 mini_c2tm_246.seq 4.0, 2.26, -4.0, 102.8, -10.657, [20.0], [1], [180], 2.5
46 mini_c2tm_247.seq 4.0, 2.26, -4.0, 102.8, -10.657, [20.0], [1], [180], 3.0
42 mini_c2tm_248.seq 4.0, 2.26, -4.0, 102.8, -10.657, [20.0], [1], [180], -2.0
40 mini_c2tm_249.seq 4.0, 2.26, -4.0, 102.8, -10.657, [20.0], [1], [180], -2.5
19 mini_c2tm_24.seq 3.8, 2.26, -3.0, 102.8, -7.572, [20.0], [1], [180], -2.0
46 mini_c2tm_250.seq 4.0, 2.26, -4.0, 102.8, -10.657, [20.0], [1], [180], -3.0
44 mini_c2tm_251.seq 4.0, 2.26, -4.0, 102.8, -10.657, [20.0], [1], [180], -3.5
52 mini_c2tm_252.seq 4.0, 2.26, -3.0, 102.8, -7.973, [30.0], [1], [180], 2.0
48 mini_c2tm_253.seq 4.0, 2.26, -3.0, 102.8, -7.973, [30.0], [1], [180], 2.5
49 mini_c2tm_254.seq 4.0, 2.26, -3.0, 102.8, -7.973, [30.0], [1], [180], 3.0
52 mini_c2tm_255.seq 4.0, 2.26, -3.0, 102.8, -7.973, [30.0], [1], [180], -2.0
48 mini_c2tm_256.seq 4.0, 2.26, -3.0, 102.8, -7.973, [30.0], [1], [180], -2.5
49 mini_c2tm_257.seq 4.0, 2.26, -3.0, 102.8, -7.973, [30.0], [1], [180], -3.0
52 mini_c2tm_258.seq 4.0, 2.26, -3.0, 102.8, -7.973, [30.0], [1], [180], -3.5
47 mini_c2tm_259.seq 4.0, 2.26, -3.5, 102.8, -9.312, [30.0], [1], [180], 2.0
26 mini_c2tm_25.seq 3.8, 2.26, -3.0, 102.8, -7.572, [20.0], [1], [180], -2.5
41 mini_c2tm_260.seq 4.0, 2.26, -3.5, 102.8, -9.312, [30.0], [1], [180], 2.5
49 mini_c2tm_261.seq 4.0, 2.26, -3.5, 102.8, -9.312, [30.0], [1], [180], 3.0
47 mini_c2tm_262.seq 4.0, 2.26, -3.5, 102.8, -9.312, [30.0], [1], [180], -2.0
41 mini_c2tm_263.seq 4.0, 2.26, -3.5, 102.8, -9.312, [30.0], [1], [180], -2.5
49 mini_c2tm_264.seq 4.0, 2.26, -3.5, 102.8, -9.312, [30.0], [1], [180], -3.0
50 mini_c2tm_265.seq 4.0, 2.26, -3.5, 102.8, -9.312, [30.0], [1], [180], -3.5
44 mini_c2tm_266.seq 4.0, 2.26, -4.0, 102.8, -10.657, [30.0], [1], [180], 2.0
43 mini_c2tm_267.seq 4.0, 2.26, -4.0, 102.8, -10.657, [30.0], [1], [180], 2.5
46 mini_c2tm_268.seq 4.0, 2.26, -4.0, 102.8, -10.657, [30.0], [1], [180], 3.0
44 mini_c2tm_269.seq 4.0, 2.26, -4.0, 102.8, -10.657, [30.0], [1], [180], -2.0
23 mini_c2tm_26.seq 3.8, 2.26, -3.0, 102.8, -7.572, [20.0], [1], [180], -3.0
43 mini_c2tm_270.seq 4.0, 2.26, -4.0, 102.8, -10.657, [30.0], [1], [180], -2.5
46 mini_c2tm_271.seq 4.0, 2.26, -4.0, 102.8, -10.657, [30.0], [1], [180], -3.0
49 mini_c2tm_272.seq 4.0, 2.26, -4.0, 102.8, -10.657, [30.0], [1], [180], -3.5
59 mini_c2tm_273.seq 4.0, 2.26, -3.0, 102.8, -7.973, [40.0], [1], [180], 2.0
60 mini_c2tm_274.seq 4.0, 2.26, -3.0, 102.8, -7.973, [40.0], [1], [180], 2.5
54 mini_c2tm_275.seq 4.0, 2.26, -3.0, 102.8, -7.973, [40.0], [1], [180], 3.0
59 mini_c2tm_276.seq 4.0, 2.26, -3.0, 102.8, -7.973, [40.0], [1], [180], -2.0
60 mini_c2tm_277.seq 4.0, 2.26, -3.0, 102.8, -7.973, [40.0], [1], [180], -2.5
54 mini_c2tm_278.seq 4.0, 2.26, -3.0, 102.8, -7.973, [40.0], [1], [180], -3.0
46 mini_c2tm_279.seq 4.0, 2.26, -3.0, 102.8, -7.973, [40.0], [1], [180], -3.5
26 mini_c2tm_27.seq 3.8, 2.26, -3.0, 102.8, -7.572, [20.0], [1], [180], -3.5
56 mini_c2tm_280.seq 4.0, 2.26, -3.5, 102.8, -9.312, [40.0], [1], [180], 2.0
60 mini_c2tm_281.seq 4.0, 2.26, -3.5, 102.8, -9.312, [40.0], [1], [180], 2.5
53 mini_c2tm_282.seq 4.0, 2.26, -3.5, 102.8, -9.312, [40.0], [1], [180], 3.0
56 mini_c2tm_283.seq 4.0, 2.26, -3.5, 102.8, -9.312, [40.0], [1], [180], -2.0
60 mini_c2tm_284.seq 4.0, 2.26, -3.5, 102.8, -9.312, [40.0], [1], [180], -2.5
53 mini_c2tm_285.seq 4.0, 2.26, -3.5, 102.8, -9.312, [40.0], [1], [180], -3.0
46 mini_c2tm_286.seq 4.0, 2.26, -3.5, 102.8, -9.312, [40.0], [1], [180], -3.5
51 mini_c2tm_287.seq 4.0, 2.26, -4.0, 102.8, -10.657, [40.0], [1], [180], 2.0
54 mini_c2tm_288.seq 4.0, 2.26, -4.0, 102.8, -10.657, [40.0], [1], [180], 2.5
52 mini_c2tm_289.seq 4.0, 2.26, -4.0, 102.8, -10.657, [40.0], [1], [180], 3.0
18 mini_c2tm_28.seq 3.8, 2.26, -3.5, 102.8, -8.843, [20.0], [1], [180], 2.0
51 mini_c2tm_290.seq 4.0, 2.26, -4.0, 102.8, -10.657, [40.0], [1], [180], -2.0
54 mini_c2tm_291.seq 4.0, 2.26, -4.0, 102.8, -10.657, [40.0], [1], [180], -2.5
52 mini_c2tm_292.seq 4.0, 2.26, -4.0, 102.8, -10.657, [40.0], [1], [180], -3.0
47 mini_c2tm_293.seq 4.0, 2.26, -4.0, 102.8, -10.657, [40.0], [1], [180], -3.5
65 mini_c2tm_294.seq 4.0, 2.26, -3.0, 102.8, -7.973, [50.0], [1], [180], 2.0
65 mini_c2tm_295.seq 4.0, 2.26, -3.0, 102.8, -7.973, [50.0], [1], [180], 2.5
59 mini_c2tm_296.seq 4.0, 2.26, -3.0, 102.8, -7.973, [50.0], [1], [180], 3.0
66 mini_c2tm_297.seq 4.0, 2.26, -3.0, 102.8, -7.973, [50.0], [1], [180], -2.0
65 mini_c2tm_298.seq 4.0, 2.26, -3.0, 102.8, -7.973, [50.0], [1], [180], -2.5
59 mini_c2tm_299.seq 4.0, 2.26, -3.0, 102.8, -7.973, [50.0], [1], [180], -3.0
23 mini_c2tm_29.seq 3.8, 2.26, -3.5, 102.8, -8.843, [20.0], [1], [180], 2.5
25 mini_c2tm_2.seq 3.8, 2.26, -3.0, 102.8, -7.572, [10.0], [1], [180], 3.0
56 mini_c2tm_300.seq 4.0, 2.26, -3.0, 102.8, -7.973, [50.0], [1], [180], -3.5
60 mini_c2tm_301.seq 4.0, 2.26, -3.5, 102.8, -9.312, [50.0], [1], [180], 2.0
58 mini_c2tm_302.seq 4.0, 2.26, -3.5, 102.8, -9.312, [50.0], [1], [180], 2.5
56 mini_c2tm_303.seq 4.0, 2.26, -3.5, 102.8, -9.312, [50.0], [1], [180], 3.0
60 mini_c2tm_304.seq 4.0, 2.26, -3.5, 102.8, -9.312, [50.0], [1], [180], -2.0
58 mini_c2tm_305.seq 4.0, 2.26, -3.5, 102.8, -9.312, [50.0], [1], [180], -2.5
56 mini_c2tm_306.seq 4.0, 2.26, -3.5, 102.8, -9.312, [50.0], [1], [180], -3.0
53 mini_c2tm_307.seq 4.0, 2.26, -3.5, 102.8, -9.312, [50.0], [1], [180], -3.5
57 mini_c2tm_308.seq 4.0, 2.26, -4.0, 102.8, -10.657, [50.0], [1], [180], 2.0
56 mini_c2tm_309.seq 4.0, 2.26, -4.0, 102.8, -10.657, [50.0], [1], [180], 2.5
22 mini_c2tm_30.seq 3.8, 2.26, -3.5, 102.8, -8.843, [20.0], [1], [180], 3.0
56 mini_c2tm_310.seq 4.0, 2.26, -4.0, 102.8, -10.657, [50.0], [1], [180], 3.0
57 mini_c2tm_311.seq 4.0, 2.26, -4.0, 102.8, -10.657, [50.0], [1], [180], -2.0
56 mini_c2tm_312.seq 4.0, 2.26, -4.0, 102.8, -10.657, [50.0], [1], [180], -2.5
56 mini_c2tm_313.seq 4.0, 2.26, -4.0, 102.8, -10.657, [50.0], [1], [180], -3.0
50 mini_c2tm_314.seq 4.0, 2.26, -4.0, 102.8, -10.657, [50.0], [1], [180], -3.5
64 mini_c2tm_315.seq 4.0, 2.26, -3.0, 102.8, -7.973, [60.0], [1], [180], 2.0
63 mini_c2tm_316.seq 4.0, 2.26, -3.0, 102.8, -7.973, [60.0], [1], [180], 2.5
59 mini_c2tm_317.seq 4.0, 2.26, -3.0, 102.8, -7.973, [60.0], [1], [180], 3.0
64 mini_c2tm_318.seq 4.0, 2.26, -3.0, 102.8, -7.973, [60.0], [1], [180], -2.0
63 mini_c2tm_319.seq 4.0, 2.26, -3.0, 102.8, -7.973, [60.0], [1], [180], -2.5
18 mini_c2tm_31.seq 3.8, 2.26, -3.5, 102.8, -8.843, [20.0], [1], [180], -2.0
59 mini_c2tm_320.seq 4.0, 2.26, -3.0, 102.8, -7.973, [60.0], [1], [180], -3.0
61 mini_c2tm_321.seq 4.0, 2.26, -3.0, 102.8, -7.973, [60.0], [1], [180], -3.5
64 mini_c2tm_322.seq 4.0, 2.26, -3.5, 102.8, -9.312, [60.0], [1], [180], 2.0
58 mini_c2tm_323.seq 4.0, 2.26, -3.5, 102.8, -9.312, [60.0], [1], [180], 2.5
57 mini_c2tm_324.seq 4.0, 2.26, -3.5, 102.8, -9.312, [60.0], [1], [180], 3.0
64 mini_c2tm_325.seq 4.0, 2.26, -3.5, 102.8, -9.312, [60.0], [1], [180], -2.0
58 mini_c2tm_326.seq 4.0, 2.26, -3.5, 102.8, -9.312, [60.0], [1], [180], -2.5
57 mini_c2tm_327.seq 4.0, 2.26, -3.5, 102.8, -9.312, [60.0], [1], [180], -3.0
50 mini_c2tm_328.seq 4.0, 2.26, -3.5, 102.8, -9.312, [60.0], [1], [180], -3.5
58 mini_c2tm_329.seq 4.0, 2.26, -4.0, 102.8, -10.657, [60.0], [1], [180], 2.0
23 mini_c2tm_32.seq 3.8, 2.26, -3.5, 102.8, -8.843, [20.0], [1], [180], -2.5
57 mini_c2tm_330.seq 4.0, 2.26, -4.0, 102.8, -10.657, [60.0], [1], [180], 2.5
52 mini_c2tm_331.seq 4.0, 2.26, -4.0, 102.8, -10.657, [60.0], [1], [180], 3.0
58 mini_c2tm_332.seq 4.0, 2.26, -4.0, 102.8, -10.657, [60.0], [1], [180], -2.0
57 mini_c2tm_333.seq 4.0, 2.26, -4.0, 102.8, -10.657, [60.0], [1], [180], -2.5
52 mini_c2tm_334.seq 4.0, 2.26, -4.0, 102.8, -10.657, [60.0], [1], [180], -3.0
50 mini_c2tm_335.seq 4.0, 2.26, -4.0, 102.8, -10.657, [60.0], [1], [180], -3.5
60 mini_c2tm_336.seq 4.0, 2.26, -3.0, 102.8, -7.973, [70.0], [1], [180], 2.0
61 mini_c2tm_337.seq 4.0, 2.26, -3.0, 102.8, -7.973, [70.0], [1], [180], 2.5
61 mini_c2tm_338.seq 4.0, 2.26, -3.0, 102.8, -7.973, [70.0], [1], [180], 3.0
60 mini_c2tm_339.seq 4.0, 2.26, -3.0, 102.8, -7.973, [70.0], [1], [180], -2.0
22 mini_c2tm_33.seq 3.8, 2.26, -3.5, 102.8, -8.843, [20.0], [1], [180], -3.0
61 mini_c2tm_340.seq 4.0, 2.26, -3.0, 102.8, -7.973, [70.0], [1], [180], -2.5
61 mini_c2tm_341.seq 4.0, 2.26, -3.0, 102.8, -7.973, [70.0], [1], [180], -3.0
59 mini_c2tm_342.seq 4.0, 2.26, -3.0, 102.8, -7.973, [70.0], [1], [180], -3.5
60 mini_c2tm_343.seq 4.0, 2.26, -3.5, 102.8, -9.312, [70.0], [1], [180], 2.0
61 mini_c2tm_344.seq 4.0, 2.26, -3.5, 102.8, -9.312, [70.0], [1], [180], 2.5
57 mini_c2tm_345.seq 4.0, 2.26, -3.5, 102.8, -9.312, [70.0], [1], [180], 3.0
60 mini_c2tm_346.seq 4.0, 2.26, -3.5, 102.8, -9.312, [70.0], [1], [180], -2.0
61 mini_c2tm_347.seq 4.0, 2.26, -3.5, 102.8, -9.312, [70.0], [1], [180], -2.5
57 mini_c2tm_348.seq 4.0, 2.26, -3.5, 102.8, -9.312, [70.0], [1], [180], -3.0
56 mini_c2tm_349.seq 4.0, 2.26, -3.5, 102.8, -9.312, [70.0], [1], [180], -3.5
21 mini_c2tm_34.seq 3.8, 2.26, -3.5, 102.8, -8.843, [20.0], [1], [180], -3.5
53 mini_c2tm_350.seq 4.0, 2.26, -4.0, 102.8, -10.657, [70.0], [1], [180], 2.0
54 mini_c2tm_351.seq 4.0, 2.26, -4.0, 102.8, -10.657, [70.0], [1], [180], 2.5
49 mini_c2tm_352.seq 4.0, 2.26, -4.0, 102.8, -10.657, [70.0], [1], [180], 3.0
53 mini_c2tm_353.seq 4.0, 2.26, -4.0, 102.8, -10.657, [70.0], [1], [180], -2.0
54 mini_c2tm_354.seq 4.0, 2.26, -4.0, 102.8, -10.657, [70.0], [1], [180], -2.5
49 mini_c2tm_355.seq 4.0, 2.26, -4.0, 102.8, -10.657, [70.0], [1], [180], -3.0
52 mini_c2tm_356.seq 4.0, 2.26, -4.0, 102.8, -10.657, [70.0], [1], [180], -3.5
54 mini_c2tm_357.seq 4.0, 2.26, -3.0, 102.8, -7.973, [80.0], [1], [180], 2.0
54 mini_c2tm_358.seq 4.0, 2.26, -3.0, 102.8, -7.973, [80.0], [1], [180], 2.5
57 mini_c2tm_359.seq 4.0, 2.26, -3.0, 102.8, -7.973, [80.0], [1], [180], 3.0
19 mini_c2tm_35.seq 3.8, 2.26, -4.0, 102.8, -10.119, [20.0], [1], [180], 2.0
54 mini_c2tm_360.seq 4.0, 2.26, -3.0, 102.8, -7.973, [80.0], [1], [180], -2.0
54 mini_c2tm_361.seq 4.0, 2.26, -3.0, 102.8, -7.973, [80.0], [1], [180], -2.5
57 mini_c2tm_362.seq 4.0, 2.26, -3.0, 102.8, -7.973, [80.0], [1], [180], -3.0
55 mini_c2tm_363.seq 4.0, 2.26, -3.0, 102.8, -7.973, [80.0], [1], [180], -3.5
51 mini_c2tm_364.seq 4.0, 2.26, -3.5, 102.8, -9.312, [80.0], [1], [180], 2.0
50 mini_c2tm_365.seq 4.0, 2.26, -3.5, 102.8, -9.312, [80.0], [1], [180], 2.5
47 mini_c2tm_366.seq 4.0, 2.26, -3.5, 102.8, -9.312, [80.0], [1], [180], 3.0
51 mini_c2tm_367.seq 4.0, 2.26, -3.5, 102.8, -9.312, [80.0], [1], [180], -2.0
50 mini_c2tm_368.seq 4.0, 2.26, -3.5, 102.8, -9.312, [80.0], [1], [180], -2.5
47 mini_c2tm_369.seq 4.0, 2.26, -3.5, 102.8, -9.312, [80.0], [1], [180], -3.0
21 mini_c2tm_36.seq 3.8, 2.26, -4.0, 102.8, -10.119, [20.0], [1], [180], 2.5
54 mini_c2tm_370.seq 4.0, 2.26, -3.5, 102.8, -9.312, [80.0], [1], [180], -3.5
49 mini_c2tm_371.seq 4.0, 2.26, -4.0, 102.8, -10.657, [80.0], [1], [180], 2.0
46 mini_c2tm_372.seq 4.0, 2.26, -4.0, 102.8, -10.657, [80.0], [1], [180], 2.5
46 mini_c2tm_373.seq 4.0, 2.26, -4.0, 102.8, -10.657, [80.0], [1], [180], 3.0
49 mini_c2tm_374.seq 4.0, 2.26, -4.0, 102.8, -10.657, [80.0], [1], [180], -2.0
46 mini_c2tm_375.seq 4.0, 2.26, -4.0, 102.8, -10.657, [80.0], [1], [180], -2.5
46 mini_c2tm_376.seq 4.0, 2.26, -4.0, 102.8, -10.657, [80.0], [1], [180], -3.0
52 mini_c2tm_377.seq 4.0, 2.26, -4.0, 102.8, -10.657, [80.0], [1], [180], -3.5
65 mini_c2tm_378.seq 4.0, 2.26, -3.0, 102.8, -7.973, [90.0], [1], [180], 2.0
56 mini_c2tm_379.seq 4.0, 2.26, -3.0, 102.8, -7.973, [90.0], [1], [180], 2.5
22 mini_c2tm_37.seq 3.8, 2.26, -4.0, 102.8, -10.119, [20.0], [1], [180], 3.0
50 mini_c2tm_380.seq 4.0, 2.26, -3.0, 102.8, -7.973, [90.0], [1], [180], 3.0
65 mini_c2tm_381.seq 4.0, 2.26, -3.0, 102.8, -7.973, [90.0], [1], [180], -2.0
56 mini_c2tm_382.seq 4.0, 2.26, -3.0, 102.8, -7.973, [90.0], [1], [180], -2.5
50 mini_c2tm_383.seq 4.0, 2.26, -3.0, 102.8, -7.973, [90.0], [1], [180], -3.0
55 mini_c2tm_384.seq 4.0, 2.26, -3.0, 102.8, -7.973, [90.0], [1], [180], -3.5
63 mini_c2tm_385.seq 4.0, 2.26, -3.5, 102.8, -9.312, [90.0], [1], [180], 2.0
53 mini_c2tm_386.seq 4.0, 2.26, -3.5, 102.8, -9.312, [90.0], [1], [180], 2.5
49 mini_c2tm_387.seq 4.0, 2.26, -3.5, 102.8, -9.312, [90.0], [1], [180], 3.0
63 mini_c2tm_388.seq 4.0, 2.26, -3.5, 102.8, -9.312, [90.0], [1], [180], -2.0
53 mini_c2tm_389.seq 4.0, 2.26, -3.5, 102.8, -9.312, [90.0], [1], [180], -2.5
19 mini_c2tm_38.seq 3.8, 2.26, -4.0, 102.8, -10.119, [20.0], [1], [180], -2.0
49 mini_c2tm_390.seq 4.0, 2.26, -3.5, 102.8, -9.312, [90.0], [1], [180], -3.0
56 mini_c2tm_391.seq 4.0, 2.26, -3.5, 102.8, -9.312, [90.0], [1], [180], -3.5
53 mini_c2tm_392.seq 4.0, 2.26, -4.0, 102.8, -10.657, [90.0], [1], [180], 2.0
50 mini_c2tm_393.seq 4.0, 2.26, -4.0, 102.8, -10.657, [90.0], [1], [180], 2.5
49 mini_c2tm_394.seq 4.0, 2.26, -4.0, 102.8, -10.657, [90.0], [1], [180], 3.0
53 mini_c2tm_395.seq 4.0, 2.26, -4.0, 102.8, -10.657, [90.0], [1], [180], -2.0
50 mini_c2tm_396.seq 4.0, 2.26, -4.0, 102.8, -10.657, [90.0], [1], [180], -2.5
49 mini_c2tm_397.seq 4.0, 2.26, -4.0, 102.8, -10.657, [90.0], [1], [180], -3.0
47 mini_c2tm_398.seq 4.0, 2.26, -4.0, 102.8, -10.657, [90.0], [1], [180], -3.5
68 mini_c2tm_399.seq 4.0, 2.26, -3.0, 102.8, -7.973, [100.0], [1], [180], 2.0
21 mini_c2tm_39.seq 3.8, 2.26, -4.0, 102.8, -10.119, [20.0], [1], [180], -2.5
29 mini_c2tm_3.seq 3.8, 2.26, -3.0, 102.8, -7.572, [10.0], [1], [180], -2.0
56 mini_c2tm_400.seq 4.0, 2.26, -3.0, 102.8, -7.973, [100.0], [1], [180], 2.5
54 mini_c2tm_401.seq 4.0, 2.26, -3.0, 102.8, -7.973, [100.0], [1], [180], 3.0
68 mini_c2tm_402.seq 4.0, 2.26, -3.0, 102.8, -7.973, [100.0], [1], [180], -2.0
56 mini_c2tm_403.seq 4.0, 2.26, -3.0, 102.8, -7.973, [100.0], [1], [180], -2.5
54 mini_c2tm_404.seq 4.0, 2.26, -3.0, 102.8, -7.973, [100.0], [1], [180], -3.0
57 mini_c2tm_405.seq 4.0, 2.26, -3.0, 102.8, -7.973, [100.0], [1], [180], -3.5
63 mini_c2tm_406.seq 4.0, 2.26, -3.5, 102.8, -9.312, [100.0], [1], [180], 2.0
56 mini_c2tm_407.seq 4.0, 2.26, -3.5, 102.8, -9.312, [100.0], [1], [180], 2.5
52 mini_c2tm_408.seq 4.0, 2.26, -3.5, 102.8, -9.312, [100.0], [1], [180], 3.0
63 mini_c2tm_409.seq 4.0, 2.26, -3.5, 102.8, -9.312, [100.0], [1], [180], -2.0
22 mini_c2tm_40.seq 3.8, 2.26, -4.0, 102.8, -10.119, [20.0], [1], [180], -3.0
56 mini_c2tm_410.seq 4.0, 2.26, -3.5, 102.8, -9.312, [100.0], [1], [180], -2.5
52 mini_c2tm_411.seq 4.0, 2.26, -3.5, 102.8, -9.312, [100.0], [1], [180], -3.0
57 mini_c2tm_412.seq 4.0, 2.26, -3.5, 102.8, -9.312, [100.0], [1], [180], -3.5
55 mini_c2tm_413.seq 4.0, 2.26, -4.0, 102.8, -10.657, [100.0], [1], [180], 2.0
48 mini_c2tm_414.seq 4.0, 2.26, -4.0, 102.8, -10.657, [100.0], [1], [180], 2.5
48 mini_c2tm_415.seq 4.0, 2.26, -4.0, 102.8, -10.657, [100.0], [1], [180], 3.0
55 mini_c2tm_416.seq 4.0, 2.26, -4.0, 102.8, -10.657, [100.0], [1], [180], -2.0
48 mini_c2tm_417.seq 4.0, 2.26, -4.0, 102.8, -10.657, [100.0], [1], [180], -2.5
49 mini_c2tm_418.seq 4.0, 2.26, -4.0, 102.8, -10.657, [100.0], [1], [180], -3.0
50 mini_c2tm_419.seq 4.0, 2.26, -4.0, 102.8, -10.657, [100.0], [1], [180], -3.5
23 mini_c2tm_41.seq 3.8, 2.26, -4.0, 102.8, -10.119, [20.0], [1], [180], -3.5
77 mini_c2tm_420.seq 4.2, 2.26, -3.0, 102.8, -8.374, [10.0], [1], [180], 2.0
70 mini_c2tm_421.seq 4.2, 2.26, -3.0, 102.8, -8.374, [10.0], [1], [180], 2.5
71 mini_c2tm_422.seq 4.2, 2.26, -3.0, 102.8, -8.374, [10.0], [1], [180], 3.0
77 mini_c2tm_423.seq 4.2, 2.26, -3.0, 102.8, -8.374, [10.0], [1], [180], -2.0
70 mini_c2tm_424.seq 4.2, 2.26, -3.0, 102.8, -8.374, [10.0], [1], [180], -2.5
71 mini_c2tm_425.seq 4.2, 2.26, -3.0, 102.8, -8.374, [10.0], [1], [180], -3.0
71 mini_c2tm_426.seq 4.2, 2.26, -3.0, 102.8, -8.374, [10.0], [1], [180], -3.5
75 mini_c2tm_427.seq 4.2, 2.26, -3.5, 102.8, -9.783, [10.0], [1], [180], 2.0
68 mini_c2tm_428.seq 4.2, 2.26, -3.5, 102.8, -9.783, [10.0], [1], [180], 2.5
72 mini_c2tm_429.seq 4.2, 2.26, -3.5, 102.8, -9.783, [10.0], [1], [180], 3.0
22 mini_c2tm_42.seq 3.8, 2.26, -3.0, 102.8, -7.572, [30.0], [1], [180], 2.0
75 mini_c2tm_430.seq 4.2, 2.26, -3.5, 102.8, -9.783, [10.0], [1], [180], -2.0
68 mini_c2tm_431.seq 4.2, 2.26, -3.5, 102.8, -9.783, [10.0], [1], [180], -2.5
72 mini_c2tm_432.seq 4.2, 2.26, -3.5, 102.8, -9.783, [10.0], [1], [180], -3.0
67 mini_c2tm_433.seq 4.2, 2.26, -3.5, 102.8, -9.783, [10.0], [1], [180], -3.5
64 mini_c2tm_434.seq 4.2, 2.26, -4.0, 102.8, -11.197, [10.0], [1], [180], 2.0
59 mini_c2tm_435.seq 4.2, 2.26, -4.0, 102.8, -11.197, [10.0], [1], [180], 2.5
59 mini_c2tm_436.seq 4.2, 2.26, -4.0, 102.8, -11.197, [10.0], [1], [180], 3.0
64 mini_c2tm_437.seq 4.2, 2.26, -4.0, 102.8, -11.197, [10.0], [1], [180], -2.0
59 mini_c2tm_438.seq 4.2, 2.26, -4.0, 102.8, -11.197, [10.0], [1], [180], -2.5
59 mini_c2tm_439.seq 4.2, 2.26, -4.0, 102.8, -11.197, [10.0], [1], [180], -3.0
25 mini_c2tm_43.seq 3.8, 2.26, -3.0, 102.8, -7.572, [30.0], [1], [180], 2.5
65 mini_c2tm_440.seq 4.2, 2.26, -4.0, 102.8, -11.197, [10.0], [1], [180], -3.5
81 mini_c2tm_441.seq 4.2, 2.26, -3.0, 102.8, -8.374, [20.0], [1], [180], 2.0
76 mini_c2tm_442.seq 4.2, 2.26, -3.0, 102.8, -8.374, [20.0], [1], [180], 2.5
79 mini_c2tm_443.seq 4.2, 2.26, -3.0, 102.8, -8.374, [20.0], [1], [180], 3.0
81 mini_c2tm_444.seq 4.2, 2.26, -3.0, 102.8, -8.374, [20.0], [1], [180], -2.0
76 mini_c2tm_445.seq 4.2, 2.26, -3.0, 102.8, -8.374, [20.0], [1], [180], -2.5
79 mini_c2tm_446.seq 4.2, 2.26, -3.0, 102.8, -8.374, [20.0], [1], [180], -3.0
84 mini_c2tm_447.seq 4.2, 2.26, -3.0, 102.8, -8.374, [20.0], [1], [180], -3.5
73 mini_c2tm_448.seq 4.2, 2.26, -3.5, 102.8, -9.783, [20.0], [1], [180], 2.0
69 mini_c2tm_449.seq 4.2, 2.26, -3.5, 102.8, -9.783, [20.0], [1], [180], 2.5
30 mini_c2tm_44.seq 3.8, 2.26, -3.0, 102.8, -7.572, [30.0], [1], [180], 3.0
77 mini_c2tm_450.seq 4.2, 2.26, -3.5, 102.8, -9.783, [20.0], [1], [180], 3.0
73 mini_c2tm_451.seq 4.2, 2.26, -3.5, 102.8, -9.783, [20.0], [1], [180], -2.0
69 mini_c2tm_452.seq 4.2, 2.26, -3.5, 102.8, -9.783, [20.0], [1], [180], -2.5
77 mini_c2tm_453.seq 4.2, 2.26, -3.5, 102.8, -9.783, [20.0], [1], [180], -3.0
75 mini_c2tm_454.seq 4.2, 2.26, -3.5, 102.8, -9.783, [20.0], [1], [180], -3.5
66 mini_c2tm_455.seq 4.2, 2.26, -4.0, 102.8, -11.197, [20.0], [1], [180], 2.0
64 mini_c2tm_456.seq 4.2, 2.26, -4.0, 102.8, -11.197, [20.0], [1], [180], 2.5
65 mini_c2tm_457.seq 4.2, 2.26, -4.0, 102.8, -11.197, [20.0], [1], [180], 3.0
66 mini_c2tm_458.seq 4.2, 2.26, -4.0, 102.8, -11.197, [20.0], [1], [180], -2.0
64 mini_c2tm_459.seq 4.2, 2.26, -4.0, 102.8, -11.197, [20.0], [1], [180], -2.5
22 mini_c2tm_45.seq 3.8, 2.26, -3.0, 102.8, -7.572, [30.0], [1], [180], -2.0
65 mini_c2tm_460.seq 4.2, 2.26, -4.0, 102.8, -11.197, [20.0], [1], [180], -3.0
65 mini_c2tm_461.seq 4.2, 2.26, -4.0, 102.8, -11.197, [20.0], [1], [180], -3.5
85 mini_c2tm_462.seq 4.2, 2.26, -3.0, 102.8, -8.374, [30.0], [1], [180], 2.0
78 mini_c2tm_463.seq 4.2, 2.26, -3.0, 102.8, -8.374, [30.0], [1], [180], 2.5
76 mini_c2tm_464.seq 4.2, 2.26, -3.0, 102.8, -8.374, [30.0], [1], [180], 3.0
85 mini_c2tm_465.seq 4.2, 2.26, -3.0, 102.8, -8.374, [30.0], [1], [180], -2.0
78 mini_c2tm_466.seq 4.2, 2.26, -3.0, 102.8, -8.374, [30.0], [1], [180], -2.5
76 mini_c2tm_467.seq 4.2, 2.26, -3.0, 102.8, -8.374, [30.0], [1], [180], -3.0
79 mini_c2tm_468.seq 4.2, 2.26, -3.0, 102.8, -8.374, [30.0], [1], [180], -3.5
74 mini_c2tm_469.seq 4.2, 2.26, -3.5, 102.8, -9.783, [30.0], [1], [180], 2.0
25 mini_c2tm_46.seq 3.8, 2.26, -3.0, 102.8, -7.572, [30.0], [1], [180], -2.5
69 mini_c2tm_470.seq 4.2, 2.26, -3.5, 102.8, -9.783, [30.0], [1], [180], 2.5
69 mini_c2tm_471.seq 4.2, 2.26, -3.5, 102.8, -9.783, [30.0], [1], [180], 3.0
74 mini_c2tm_472.seq 4.2, 2.26, -3.5, 102.8, -9.783, [30.0], [1], [180], -2.0
69 mini_c2tm_473.seq 4.2, 2.26, -3.5, 102.8, -9.783, [30.0], [1], [180], -2.5
69 mini_c2tm_474.seq 4.2, 2.26, -3.5, 102.8, -9.783, [30.0], [1], [180], -3.0
69 mini_c2tm_475.seq 4.2, 2.26, -3.5, 102.8, -9.783, [30.0], [1], [180], -3.5
71 mini_c2tm_476.seq 4.2, 2.26, -4.0, 102.8, -11.197, [30.0], [1], [180], 2.0
64 mini_c2tm_477.seq 4.2, 2.26, -4.0, 102.8, -11.197, [30.0], [1], [180], 2.5
64 mini_c2tm_478.seq 4.2, 2.26, -4.0, 102.8, -11.197, [30.0], [1], [180], 3.0
71 mini_c2tm_479.seq 4.2, 2.26, -4.0, 102.8, -11.197, [30.0], [1], [180], -2.0
30 mini_c2tm_47.seq 3.8, 2.26, -3.0, 102.8, -7.572, [30.0], [1], [180], -3.0
64 mini_c2tm_480.seq 4.2, 2.26, -4.0, 102.8, -11.197, [30.0], [1], [180], -2.5
64 mini_c2tm_481.seq 4.2, 2.26, -4.0, 102.8, -11.197, [30.0], [1], [180], -3.0
65 mini_c2tm_482.seq 4.2, 2.26, -4.0, 102.8, -11.197, [30.0], [1], [180], -3.5
91 mini_c2tm_483.seq 4.2, 2.26, -3.0, 102.8, -8.374, [40.0], [1], [180], 2.0
83 mini_c2tm_484.seq 4.2, 2.26, -3.0, 102.8, -8.374, [40.0], [1], [180], 2.5
81 mini_c2tm_485.seq 4.2, 2.26, -3.0, 102.8, -8.374, [40.0], [1], [180], 3.0
91 mini_c2tm_486.seq 4.2, 2.26, -3.0, 102.8, -8.374, [40.0], [1], [180], -2.0
83 mini_c2tm_487.seq 4.2, 2.26, -3.0, 102.8, -8.374, [40.0], [1], [180], -2.5
80 mini_c2tm_488.seq 4.2, 2.26, -3.0, 102.8, -8.374, [40.0], [1], [180], -3.0
84 mini_c2tm_489.seq 4.2, 2.26, -3.0, 102.8, -8.374, [40.0], [1], [180], -3.5
33 mini_c2tm_48.seq 3.8, 2.26, -3.0, 102.8, -7.572, [30.0], [1], [180], -3.5
87 mini_c2tm_490.seq 4.2, 2.26, -3.5, 102.8, -9.783, [40.0], [1], [180], 2.0
87 mini_c2tm_491.seq 4.2, 2.26, -3.5, 102.8, -9.783, [40.0], [1], [180], 2.5
76 mini_c2tm_492.seq 4.2, 2.26, -3.5, 102.8, -9.783, [40.0], [1], [180], 3.0
87 mini_c2tm_493.seq 4.2, 2.26, -3.5, 102.8, -9.783, [40.0], [1], [180], -2.0
87 mini_c2tm_494.seq 4.2, 2.26, -3.5, 102.8, -9.783, [40.0], [1], [180], -2.5
76 mini_c2tm_495.seq 4.2, 2.26, -3.5, 102.8, -9.783, [40.0], [1], [180], -3.0
76 mini_c2tm_496.seq 4.2, 2.26, -3.5, 102.8, -9.783, [40.0], [1], [180], -3.5
75 mini_c2tm_497.seq 4.2, 2.26, -4.0, 102.8, -11.197, [40.0], [1], [180], 2.0
72 mini_c2tm_498.seq 4.2, 2.26, -4.0, 102.8, -11.197, [40.0], [1], [180], 2.5
71 mini_c2tm_499.seq 4.2, 2.26, -4.0, 102.8, -11.197, [40.0], [1], [180], 3.0
22 mini_c2tm_49.seq 3.8, 2.26, -3.5, 102.8, -8.843, [30.0], [1], [180], 2.0
30 mini_c2tm_4.seq 3.8, 2.26, -3.0, 102.8, -7.572, [10.0], [1], [180], -2.5
75 mini_c2tm_500.seq 4.2, 2.26, -4.0, 102.8, -11.197, [40.0], [1], [180], -2.0
72 mini_c2tm_501.seq 4.2, 2.26, -4.0, 102.8, -11.197, [40.0], [1], [180], -2.5
71 mini_c2tm_502.seq 4.2, 2.26, -4.0, 102.8, -11.197, [40.0], [1], [180], -3.0
67 mini_c2tm_503.seq 4.2, 2.26, -4.0, 102.8, -11.197, [40.0], [1], [180], -3.5
89 mini_c2tm_504.seq 4.2, 2.26, -3.0, 102.8, -8.374, [50.0], [1], [180], 2.0
84 mini_c2tm_505.seq 4.2, 2.26, -3.0, 102.8, -8.374, [50.0], [1], [180], 2.5
85 mini_c2tm_506.seq 4.2, 2.26, -3.0, 102.8, -8.374, [50.0], [1], [180], 3.0
89 mini_c2tm_507.seq 4.2, 2.26, -3.0, 102.8, -8.374, [50.0], [1], [180], -2.0
84 mini_c2tm_508.seq 4.2, 2.26, -3.0, 102.8, -8.374, [50.0], [1], [180], -2.5
85 mini_c2tm_509.seq 4.2, 2.26, -3.0, 102.8, -8.374, [50.0], [1], [180], -3.0
26 mini_c2tm_50.seq 3.8, 2.26, -3.5, 102.8, -8.843, [30.0], [1], [180], 2.5
84 mini_c2tm_510.seq 4.2, 2.26, -3.0, 102.8, -8.374, [50.0], [1], [180], -3.5
79 mini_c2tm_511.seq 4.2, 2.26, -3.5, 102.8, -9.783, [50.0], [1], [180], 2.0
83 mini_c2tm_512.seq 4.2, 2.26, -3.5, 102.8, -9.783, [50.0], [1], [180], 2.5
80 mini_c2tm_513.seq 4.2, 2.26, -3.5, 102.8, -9.783, [50.0], [1], [180], 3.0
79 mini_c2tm_514.seq 4.2, 2.26, -3.5, 102.8, -9.783, [50.0], [1], [180], -2.0
83 mini_c2tm_515.seq 4.2, 2.26, -3.5, 102.8, -9.783, [50.0], [1], [180], -2.5
80 mini_c2tm_516.seq 4.2, 2.26, -3.5, 102.8, -9.783, [50.0], [1], [180], -3.0
75 mini_c2tm_517.seq 4.2, 2.26, -3.5, 102.8, -9.783, [50.0], [1], [180], -3.5
73 mini_c2tm_518.seq 4.2, 2.26, -4.0, 102.8, -11.197, [50.0], [1], [180], 2.0
78 mini_c2tm_519.seq 4.2, 2.26, -4.0, 102.8, -11.197, [50.0], [1], [180], 2.5
30 mini_c2tm_51.seq 3.8, 2.26, -3.5, 102.8, -8.843, [30.0], [1], [180], 3.0
77 mini_c2tm_520.seq 4.2, 2.26, -4.0, 102.8, -11.197, [50.0], [1], [180], 3.0
73 mini_c2tm_521.seq 4.2, 2.26, -4.0, 102.8, -11.197, [50.0], [1], [180], -2.0
78 mini_c2tm_522.seq 4.2, 2.26, -4.0, 102.8, -11.197, [50.0], [1], [180], -2.5
77 mini_c2tm_523.seq 4.2, 2.26, -4.0, 102.8, -11.197, [50.0], [1], [180], -3.0
70 mini_c2tm_524.seq 4.2, 2.26, -4.0, 102.8, -11.197, [50.0], [1], [180], -3.5
82 mini_c2tm_525.seq 4.2, 2.26, -3.0, 102.8, -8.374, [60.0], [1], [180], 2.0
83 mini_c2tm_526.seq 4.2, 2.26, -3.0, 102.8, -8.374, [60.0], [1], [180], 2.5
83 mini_c2tm_527.seq 4.2, 2.26, -3.0, 102.8, -8.374, [60.0], [1], [180], 3.0
82 mini_c2tm_528.seq 4.2, 2.26, -3.0, 102.8, -8.374, [60.0], [1], [180], -2.0
83 mini_c2tm_529.seq 4.2, 2.26, -3.0, 102.8, -8.374, [60.0], [1], [180], -2.5
22 mini_c2tm_52.seq 3.8, 2.26, -3.5, 102.8, -8.843, [30.0], [1], [180], -2.0
83 mini_c2tm_530.seq 4.2, 2.26, -3.0, 102.8, -8.374, [60.0], [1], [180], -3.0
86 mini_c2tm_531.seq 4.2, 2.26, -3.0, 102.8, -8.374, [60.0], [1], [180], -3.5
83 mini_c2tm_532.seq 4.2, 2.26, -3.5, 102.8, -9.783, [60.0], [1], [180], 2.0
81 mini_c2tm_533.seq 4.2, 2.26, -3.5, 102.8, -9.783, [60.0], [1], [180], 2.5
78 mini_c2tm_534.seq 4.2, 2.26, -3.5, 102.8, -9.783, [60.0], [1], [180], 3.0
83 mini_c2tm_535.seq 4.2, 2.26, -3.5, 102.8, -9.783, [60.0], [1], [180], -2.0
81 mini_c2tm_536.seq 4.2, 2.26, -3.5, 102.8, -9.783, [60.0], [1], [180], -2.5
78 mini_c2tm_537.seq 4.2, 2.26, -3.5, 102.8, -9.783, [60.0], [1], [180], -3.0
82 mini_c2tm_538.seq 4.2, 2.26, -3.5, 102.8, -9.783, [60.0], [1], [180], -3.5
81 mini_c2tm_539.seq 4.2, 2.26, -4.0, 102.8, -11.197, [60.0], [1], [180], 2.0
26 mini_c2tm_53.seq 3.8, 2.26, -3.5, 102.8, -8.843, [30.0], [1], [180], -2.5
77 mini_c2tm_540.seq 4.2, 2.26, -4.0, 102.8, -11.197, [60.0], [1], [180], 2.5
71 mini_c2tm_541.seq 4.2, 2.26, -4.0, 102.8, -11.197, [60.0], [1], [180], 3.0
81 mini_c2tm_542.seq 4.2, 2.26, -4.0, 102.8, -11.197, [60.0], [1], [180], -2.0
77 mini_c2tm_543.seq 4.2, 2.26, -4.0, 102.8, -11.197, [60.0], [1], [180], -2.5
71 mini_c2tm_544.seq 4.2, 2.26, -4.0, 102.8, -11.197, [60.0], [1], [180], -3.0
70 mini_c2tm_545.seq 4.2, 2.26, -4.0, 102.8, -11.197, [60.0], [1], [180], -3.5
96 mini_c2tm_546.seq 4.2, 2.26, -3.0, 102.8, -8.374, [70.0], [1], [180], 2.0
87 mini_c2tm_547.seq 4.2, 2.26, -3.0, 102.8, -8.374, [70.0], [1], [180], 2.5
92 mini_c2tm_548.seq 4.2, 2.26, -3.0, 102.8, -8.374, [70.0], [1], [180], 3.0
96 mini_c2tm_549.seq 4.2, 2.26, -3.0, 102.8, -8.374, [70.0], [1], [180], -2.0
30 mini_c2tm_54.seq 3.8, 2.26, -3.5, 102.8, -8.843, [30.0], [1], [180], -3.0
87 mini_c2tm_550.seq 4.2, 2.26, -3.0, 102.8, -8.374, [70.0], [1], [180], -2.5
92 mini_c2tm_551.seq 4.2, 2.26, -3.0, 102.8, -8.374, [70.0], [1], [180], -3.0
89 mini_c2tm_552.seq 4.2, 2.26, -3.0, 102.8, -8.374, [70.0], [1], [180], -3.5
95 mini_c2tm_553.seq 4.2, 2.26, -3.5, 102.8, -9.783, [70.0], [1], [180], 2.0
87 mini_c2tm_554.seq 4.2, 2.26, -3.5, 102.8, -9.783, [70.0], [1], [180], 2.5
89 mini_c2tm_555.seq 4.2, 2.26, -3.5, 102.8, -9.783, [70.0], [1], [180], 3.0
95 mini_c2tm_556.seq 4.2, 2.26, -3.5, 102.8, -9.783, [70.0], [1], [180], -2.0
87 mini_c2tm_557.seq 4.2, 2.26, -3.5, 102.8, -9.783, [70.0], [1], [180], -2.5
89 mini_c2tm_558.seq 4.2, 2.26, -3.5, 102.8, -9.783, [70.0], [1], [180], -3.0
80 mini_c2tm_559.seq 4.2, 2.26, -3.5, 102.8, -9.783, [70.0], [1], [180], -3.5
30 mini_c2tm_55.seq 3.8, 2.26, -3.5, 102.8, -8.843, [30.0], [1], [180], -3.5
87 mini_c2tm_560.seq 4.2, 2.26, -4.0, 102.8, -11.197, [70.0], [1], [180], 2.0
83 mini_c2tm_561.seq 4.2, 2.26, -4.0, 102.8, -11.197, [70.0], [1], [180], 2.5
83 mini_c2tm_562.seq 4.2, 2.26, -4.0, 102.8, -11.197, [70.0], [1], [180], 3.0
87 mini_c2tm_563.seq 4.2, 2.26, -4.0, 102.8, -11.197, [70.0], [1], [180], -2.0
83 mini_c2tm_564.seq 4.2, 2.26, -4.0, 102.8, -11.197, [70.0], [1], [180], -2.5
83 mini_c2tm_565.seq 4.2, 2.26, -4.0, 102.8, -11.197, [70.0], [1], [180], -3.0
81 mini_c2tm_566.seq 4.2, 2.26, -4.0, 102.8, -11.197, [70.0], [1], [180], -3.5
78 mini_c2tm_567.seq 4.2, 2.26, -3.0, 102.8, -8.374, [80.0], [1], [180], 2.0
82 mini_c2tm_568.seq 4.2, 2.26, -3.0, 102.8, -8.374, [80.0], [1], [180], 2.5
84 mini_c2tm_569.seq 4.2, 2.26, -3.0, 102.8, -8.374, [80.0], [1], [180], 3.0
21 mini_c2tm_56.seq 3.8, 2.26, -4.0, 102.8, -10.119, [30.0], [1], [180], 2.0
78 mini_c2tm_570.seq 4.2, 2.26, -3.0, 102.8, -8.374, [80.0], [1], [180], -2.0
82 mini_c2tm_571.seq 4.2, 2.26, -3.0, 102.8, -8.374, [80.0], [1], [180], -2.5
84 mini_c2tm_572.seq 4.2, 2.26, -3.0, 102.8, -8.374, [80.0], [1], [180], -3.0
87 mini_c2tm_573.seq 4.2, 2.26, -3.0, 102.8, -8.374, [80.0], [1], [180], -3.5
77 mini_c2tm_574.seq 4.2, 2.26, -3.5, 102.8, -9.783, [80.0], [1], [180], 2.0
71 mini_c2tm_575.seq 4.2, 2.26, -3.5, 102.8, -9.783, [80.0], [1], [180], 2.5
75 mini_c2tm_576.seq 4.2, 2.26, -3.5, 102.8, -9.783, [80.0], [1], [180], 3.0
77 mini_c2tm_577.seq 4.2, 2.26, -3.5, 102.8, -9.783, [80.0], [1], [180], -2.0
70 mini_c2tm_578.seq 4.2, 2.26, -3.5, 102.8, -9.783, [80.0], [1], [180], -2.5
75 mini_c2tm_579.seq 4.2, 2.26, -3.5, 102.8, -9.783, [80.0], [1], [180], -3.0
24 mini_c2tm_57.seq 3.8, 2.26, -4.0, 102.8, -10.119, [30.0], [1], [180], 2.5
80 mini_c2tm_580.seq 4.2, 2.26, -3.5, 102.8, -9.783, [80.0], [1], [180], -3.5
70 mini_c2tm_581.seq 4.2, 2.26, -4.0, 102.8, -11.197, [80.0], [1], [180], 2.0
67 mini_c2tm_582.seq 4.2, 2.26, -4.0, 102.8, -11.197, [80.0], [1], [180], 2.5
68 mini_c2tm_583.seq 4.2, 2.26, -4.0, 102.8, -11.197, [80.0], [1], [180], 3.0
70 mini_c2tm_584.seq 4.2, 2.26, -4.0, 102.8, -11.197, [80.0], [1], [180], -2.0
67 mini_c2tm_585.seq 4.2, 2.26, -4.0, 102.8, -11.197, [80.0], [1], [180], -2.5
68 mini_c2tm_586.seq 4.2, 2.26, -4.0, 102.8, -11.197, [80.0], [1], [180], -3.0
77 mini_c2tm_587.seq 4.2, 2.26, -4.0, 102.8, -11.197, [80.0], [1], [180], -3.5
89 mini_c2tm_588.seq 4.2, 2.26, -3.0, 102.8, -8.374, [90.0], [1], [180], 2.0
79 mini_c2tm_589.seq 4.2, 2.26, -3.0, 102.8, -8.374, [90.0], [1], [180], 2.5
28 mini_c2tm_58.seq 3.8, 2.26, -4.0, 102.8, -10.119, [30.0], [1], [180], 3.0
77 mini_c2tm_590.seq 4.2, 2.26, -3.0, 102.8, -8.374, [90.0], [1], [180], 3.0
89 mini_c2tm_591.seq 4.2, 2.26, -3.0, 102.8, -8.374, [90.0], [1], [180], -2.0
79 mini_c2tm_592.seq 4.2, 2.26, -3.0, 102.8, -8.374, [90.0], [1], [180], -2.5
77 mini_c2tm_593.seq 4.2, 2.26, -3.0, 102.8, -8.374, [90.0], [1], [180], -3.0
76 mini_c2tm_594.seq 4.2, 2.26, -3.0, 102.8, -8.374, [90.0], [1], [180], -3.5
86 mini_c2tm_595.seq 4.2, 2.26, -3.5, 102.8, -9.783, [90.0], [1], [180], 2.0
74 mini_c2tm_596.seq 4.2, 2.26, -3.5, 102.8, -9.783, [90.0], [1], [180], 2.5
75 mini_c2tm_597.seq 4.2, 2.26, -3.5, 102.8, -9.783, [90.0], [1], [180], 3.0
86 mini_c2tm_598.seq 4.2, 2.26, -3.5, 102.8, -9.783, [90.0], [1], [180], -2.0
74 mini_c2tm_599.seq 4.2, 2.26, -3.5, 102.8, -9.783, [90.0], [1], [180], -2.5
21 mini_c2tm_59.seq 3.8, 2.26, -4.0, 102.8, -10.119, [30.0], [1], [180], -2.0
25 mini_c2tm_5.seq 3.8, 2.26, -3.0, 102.8, -7.572, [10.0], [1], [180], -3.0
75 mini_c2tm_600.seq 4.2, 2.26, -3.5, 102.8, -9.783, [90.0], [1], [180], -3.0
79 mini_c2tm_601.seq 4.2, 2.26, -3.5, 102.8, -9.783, [90.0], [1], [180], -3.5
77 mini_c2tm_602.seq 4.2, 2.26, -4.0, 102.8, -11.197, [90.0], [1], [180], 2.0
67 mini_c2tm_603.seq 4.2, 2.26, -4.0, 102.8, -11.197, [90.0], [1], [180], 2.5
65 mini_c2tm_604.seq 4.2, 2.26, -4.0, 102.8, -11.197, [90.0], [1], [180], 3.0
77 mini_c2tm_605.seq 4.2, 2.26, -4.0, 102.8, -11.197, [90.0], [1], [180], -2.0
67 mini_c2tm_606.seq 4.2, 2.26, -4.0, 102.8, -11.197, [90.0], [1], [180], -2.5
65 mini_c2tm_607.seq 4.2, 2.26, -4.0, 102.8, -11.197, [90.0], [1], [180], -3.0
68 mini_c2tm_608.seq 4.2, 2.26, -4.0, 102.8, -11.197, [90.0], [1], [180], -3.5
102 mini_c2tm_609.seq 4.2, 2.26, -3.0, 102.8, -8.374, [100.0], [1], [180], 2.0
24 mini_c2tm_60.seq 3.8, 2.26, -4.0, 102.8, -10.119, [30.0], [1], [180], -2.5
89 mini_c2tm_610.seq 4.2, 2.26, -3.0, 102.8, -8.374, [100.0], [1], [180], 2.5
78 mini_c2tm_611.seq 4.2, 2.26, -3.0, 102.8, -8.374, [100.0], [1], [180], 3.0
102 mini_c2tm_612.seq 4.2, 2.26, -3.0, 102.8, -8.374, [100.0], [1], [180], -2.0
89 mini_c2tm_613.seq 4.2, 2.26, -3.0, 102.8, -8.374, [100.0], [1], [180], -2.5
78 mini_c2tm_614.seq 4.2, 2.26, -3.0, 102.8, -8.374, [100.0], [1], [180], -3.0
82 mini_c2tm_615.seq 4.2, 2.26, -3.0, 102.8, -8.374, [100.0], [1], [180], -3.5
94 mini_c2tm_616.seq 4.2, 2.26, -3.5, 102.8, -9.783, [100.0], [1], [180], 2.0
88 mini_c2tm_617.seq 4.2, 2.26, -3.5, 102.8, -9.783, [100.0], [1], [180], 2.5
77 mini_c2tm_618.seq 4.2, 2.26, -3.5, 102.8, -9.783, [100.0], [1], [180], 3.0
94 mini_c2tm_619.seq 4.2, 2.26, -3.5, 102.8, -9.783, [100.0], [1], [180], -2.0
28 mini_c2tm_61.seq 3.8, 2.26, -4.0, 102.8, -10.119, [30.0], [1], [180], -3.0
88 mini_c2tm_620.seq 4.2, 2.26, -3.5, 102.8, -9.783, [100.0], [1], [180], -2.5
77 mini_c2tm_621.seq 4.2, 2.26, -3.5, 102.8, -9.783, [100.0], [1], [180], -3.0
74 mini_c2tm_622.seq 4.2, 2.26, -3.5, 102.8, -9.783, [100.0], [1], [180], -3.5
78 mini_c2tm_623.seq 4.2, 2.26, -4.0, 102.8, -11.197, [100.0], [1], [180], 2.0
75 mini_c2tm_624.seq 4.2, 2.26, -4.0, 102.8, -11.197, [100.0], [1], [180], 2.5
74 mini_c2tm_625.seq 4.2, 2.26, -4.0, 102.8, -11.197, [100.0], [1], [180], 3.0
78 mini_c2tm_626.seq 4.2, 2.26, -4.0, 102.8, -11.197, [100.0], [1], [180], -2.0
75 mini_c2tm_627.seq 4.2, 2.26, -4.0, 102.8, -11.197, [100.0], [1], [180], -2.5
73 mini_c2tm_628.seq 4.2, 2.26, -4.0, 102.8, -11.197, [100.0], [1], [180], -3.0
72 mini_c2tm_629.seq 4.2, 2.26, -4.0, 102.8, -11.197, [100.0], [1], [180], -3.5
30 mini_c2tm_62.seq 3.8, 2.26, -4.0, 102.8, -10.119, [30.0], [1], [180], -3.5
38 mini_c2tm_63.seq 3.8, 2.26, -3.0, 102.8, -7.572, [40.0], [1], [180], 2.0
29 mini_c2tm_64.seq 3.8, 2.26, -3.0, 102.8, -7.572, [40.0], [1], [180], 2.5
29 mini_c2tm_65.seq 3.8, 2.26, -3.0, 102.8, -7.572, [40.0], [1], [180], 3.0
38 mini_c2tm_66.seq 3.8, 2.26, -3.0, 102.8, -7.572, [40.0], [1], [180], -2.0
29 mini_c2tm_67.seq 3.8, 2.26, -3.0, 102.8, -7.572, [40.0], [1], [180], -2.5
29 mini_c2tm_68.seq 3.8, 2.26, -3.0, 102.8, -7.572, [40.0], [1], [180], -3.0
28 mini_c2tm_69.seq 3.8, 2.26, -3.0, 102.8, -7.572, [40.0], [1], [180], -3.5
24 mini_c2tm_6.seq 3.8, 2.26, -3.0, 102.8, -7.572, [10.0], [1], [180], -3.5
30 mini_c2tm_70.seq 3.8, 2.26, -3.5, 102.8, -8.843, [40.0], [1], [180], 2.0
27 mini_c2tm_71.seq 3.8, 2.26, -3.5, 102.8, -8.843, [40.0], [1], [180], 2.5
25 mini_c2tm_72.seq 3.8, 2.26, -3.5, 102.8, -8.843, [40.0], [1], [180], 3.0
30 mini_c2tm_73.seq 3.8, 2.26, -3.5, 102.8, -8.843, [40.0], [1], [180], -2.0
27 mini_c2tm_74.seq 3.8, 2.26, -3.5, 102.8, -8.843, [40.0], [1], [180], -2.5
25 mini_c2tm_75.seq 3.8, 2.26, -3.5, 102.8, -8.843, [40.0], [1], [180], -3.0
27 mini_c2tm_76.seq 3.8, 2.26, -3.5, 102.8, -8.843, [40.0], [1], [180], -3.5
33 mini_c2tm_77.seq 3.8, 2.26, -4.0, 102.8, -10.119, [40.0], [1], [180], 2.0
29 mini_c2tm_78.seq 3.8, 2.26, -4.0, 102.8, -10.119, [40.0], [1], [180], 2.5
26 mini_c2tm_79.seq 3.8, 2.26, -4.0, 102.8, -10.119, [40.0], [1], [180], 3.0
26 mini_c2tm_7.seq 3.8, 2.26, -3.5, 102.8, -8.843, [10.0], [1], [180], 2.0
33 mini_c2tm_80.seq 3.8, 2.26, -4.0, 102.8, -10.119, [40.0], [1], [180], -2.0
29 mini_c2tm_81.seq 3.8, 2.26, -4.0, 102.8, -10.119, [40.0], [1], [180], -2.5
26 mini_c2tm_82.seq 3.8, 2.26, -4.0, 102.8, -10.119, [40.0], [1], [180], -3.0
23 mini_c2tm_83.seq 3.8, 2.26, -4.0, 102.8, -10.119, [40.0], [1], [180], -3.5
38 mini_c2tm_84.seq 3.8, 2.26, -3.0, 102.8, -7.572, [50.0], [1], [180], 2.0
35 mini_c2tm_85.seq 3.8, 2.26, -3.0, 102.8, -7.572, [50.0], [1], [180], 2.5
34 mini_c2tm_86.seq 3.8, 2.26, -3.0, 102.8, -7.572, [50.0], [1], [180], 3.0
38 mini_c2tm_87.seq 3.8, 2.26, -3.0, 102.8, -7.572, [50.0], [1], [180], -2.0
35 mini_c2tm_88.seq 3.8, 2.26, -3.0, 102.8, -7.572, [50.0], [1], [180], -2.5
34 mini_c2tm_89.seq 3.8, 2.26, -3.0, 102.8, -7.572, [50.0], [1], [180], -3.0
24 mini_c2tm_8.seq 3.8, 2.26, -3.5, 102.8, -8.843, [10.0], [1], [180], 2.5
31 mini_c2tm_90.seq 3.8, 2.26, -3.0, 102.8, -7.572, [50.0], [1], [180], -3.5
39 mini_c2tm_91.seq 3.8, 2.26, -3.5, 102.8, -8.843, [50.0], [1], [180], 2.0
35 mini_c2tm_92.seq 3.8, 2.26, -3.5, 102.8, -8.843, [50.0], [1], [180], 2.5
33 mini_c2tm_93.seq 3.8, 2.26, -3.5, 102.8, -8.843, [50.0], [1], [180], 3.0
39 mini_c2tm_94.seq 3.8, 2.26, -3.5, 102.8, -8.843, [50.0], [1], [180], -2.0
35 mini_c2tm_95.seq 3.8, 2.26, -3.5, 102.8, -8.843, [50.0], [1], [180], -2.5
33 mini_c2tm_96.seq 3.8, 2.26, -3.5, 102.8, -8.843, [50.0], [1], [180], -3.0
29 mini_c2tm_97.seq 3.8, 2.26, -3.5, 102.8, -8.843, [50.0], [1], [180], -3.5
38 mini_c2tm_98.seq 3.8, 2.26, -4.0, 102.8, -10.119, [50.0], [1], [180], 2.0
34 mini_c2tm_99.seq 3.8, 2.26, -4.0, 102.8, -10.119, [50.0], [1], [180], 2.5
24 mini_c2tm_9.seq 3.8, 2.26, -3.5, 102.8, -8.843, [10.0], [1], [180], 3.0