# rmsd, chL, ap_Flg # R0, wo, w1, alpha, phiA, phiB, dphi0_C, dZ_B
mini_001.pdb 0.97 30 1 0 4.54 -4.27 102.6 -13.2 -28.4 -30.3 -1.87
mini_002.pdb 0.67 23 1 0 4.41 -3.9 101.9 -11.5 -2.7 -151.4 3.44
mini_003.pdb 0.63 21 1 0 4.47 -2.87 102.5 -8.6 142.9 96.2 2.01
mini_004.pdb 0.67 21 1 0 4.17 -2.79 102.9 -7.6 79.4 128.1 2.03
mini_005.pdb 0.53 23 1 0 4.38 -2.97 101.7 -8.7 -149.0 104.0 2.14
mini_006.pdb 0.47 18 1 0 4.28 -3.88 102.2 -11.4 49.0 -101.0 2.31
mini_007.pdb 0.5 16 1 0 4.21 -4.85 103.1 -13.7 136.7 87.3 2.35
mini_008.pdb 0.46 23 1 0 4.28 -4.21 102.4 -12.1 -160.4 -165.5 2.78
mini_009.pdb 0.37 16 1 0 3.65 -4.14 102.9 -10.2 -136.9 -147.8 -2.38
mini_010.pdb 0.85 19 1 0 4.3 -5.41 101.9 -15.7 155.0 39.6 2.63
mini_011.pdb 0.57 21 1 0 3.69 -4.37 103.3 -10.8 -32.4 -35.4 3.0
mini_012.pdb 0.57 19 1 0 3.89 -4.05 103.5 -10.5 173.3 117.6 2.27
mini_013.pdb 0.69 24 1 0 4.06 -3.78 102.6 -10.3 28.8 84.2 2.42
mini_014.pdb 0.38 20 1 0 3.92 -3.36 102.7 -8.8 131.0 -177.2 2.38
mini_015.pdb 0.64 22 1 0 4.28 -3.84 102.4 -11.0 -17.3 -117.4 2.31
mini_016.pdb 0.56 21 1 0 4.35 -3.67 102.5 -10.8 -156.8 144.2 2.65
mini_017.pdb 0.53 24 1 0 4.08 -4.33 102.7 -11.9 60.4 164.3 2.31
mini_018.pdb 0.48 15 1 0 3.79 -2.96 101.7 -7.4 91.9 -119.9 2.2
mini_019.pdb 0.73 15 1 0 3.79 -3.15 103.0 -7.9 65.5 -136.8 -3.38
mini_020.pdb 0.35 15 1 0 4.09 -3.66 102.3 -10.1 -20.9 -126.8 2.87
mini_021.pdb 0.59 20 1 0 4.1 -3.19 102.1 -8.8 71.8 -127.7 -3.08
mini_022.pdb 0.53 19 1 0 3.88 -4.29 102.9 -11.2 172.5 -141.6 -2.49
mini_023.pdb 0.44 18 1 0 3.87 -3.01 102.3 -7.8 69.6 169.7 1.77
mini_024.pdb 0.55 20 1 0 4.02 -4.62 103.1 -12.3 -62.2 139.0 2.13
mini_025.pdb 0.68 19 1 0 3.78 -4.03 103.3 -10.2 101.7 -112.6 2.02
mini_026.pdb 0.47 15 1 0 3.95 -0.94 98.4 -2.5 -150.5 70.6 -4.2
mini_027.pdb 0.52 15 1 0 3.86 -3.91 103.3 -10.2 14.0 161.0 1.92
mini_028.pdb 0.82 17 1 0 4.05 -2.78 102.8 -7.4 20.4 120.8 -3.32
mini_029.pdb 0.58 20 1 0 4.21 -4.26 102.9 -12.0 73.0 73.1 3.07
mini_030.pdb 0.45 17 1 0 3.96 -3.61 102.7 -9.8 -165.9 90.5 2.46
mini_031.pdb 0.63 27 1 0 3.69 -5.63 102.7 -14.2 -138.2 172.5 1.85
mini_032.pdb 0.61 20 1 0 4.33 -2.19 102.0 -6.4 155.3 99.7 2.04
mini_033.pdb 0.54 18 1 0 4.46 -3.66 102.4 -11.1 -137.6 21.5 1.9
mini_034.pdb 0.5 18 1 0 4.43 -3.54 102.3 -10.7 -137.2 -80.1 1.86
mini_035.pdb 0.52 16 1 0 4.3 -4.24 102.6 -12.3 82.1 30.5 1.62
mini_036.pdb 0.87 25 1 0 4.12 -3.41 102.1 -9.2 -122.9 -130.4 -0.06
mini_037.pdb 0.79 18 1 0 4.74 -0.03 98.1 -0.1 112.3 167.7 -4.3
mini_038.pdb 0.65 20 1 0 4.33 -4.16 103.9 -12.1 162.9 -0.9 1.85
mini_039.pdb 0.45 17 1 0 3.94 -2.58 102.1 -6.8 -61.8 96.6 1.86
mini_040.pdb 0.36 13 1 0 4.12 -2.54 101.3 -7.0 81.8 158.8 1.81
mini_041.pdb 0.57 18 1 0 3.82 -3.32 102.2 -8.5 -68.5 29.6 2.44
mini_042.pdb 0.67 19 1 0 3.92 -1.76 101.3 -4.5 -165.4 -60.9 -3.53
mini_043.pdb 0.6 20 1 0 4.05 -3.31 102.0 -9.0 30.2 -170.6 2.7
mini_044.pdb 0.8 21 1 0 4.29 -2.63 102.0 -7.2 102.5 -104.6 2.03
mini_045.pdb 0.67 20 1 0 4.78 -3.02 102.8 -9.6 96.8 147.8 3.41
mini_046.pdb 0.6 22 1 0 4.58 -3.77 102.9 -11.5 158.0 -154.5 2.85
mini_047.pdb 0.88 25 1 0 4.4 -3.53 102.3 -10.4 -4.5 -159.2 2.33
mini_048.pdb 0.5 25 1 0 4.02 -2.48 102.3 -6.6 -167.9 -112.2 2.22
mini_049.pdb 0.85 24 1 0 3.89 -3.12 101.7 -8.0 96.3 34.0 -3.8
mini_050.pdb 0.67 18 1 0 3.83 -4.15 102.3 -10.5 19.4 -131.5 2.79
mini_051.pdb 0.42 23 1 0 4.11 -2.61 102.3 -7.0 32.5 90.0 1.98
mini_052.pdb 0.6 21 1 0 4.82 -3.79 101.1 -12.4 159.5 -62.4 -1.97
mini_053.pdb 0.59 17 1 0 3.75 -4.19 103.0 -10.4 116.9 123.2 -2.71
mini_054.pdb 0.7 17 1 0 4.42 -4.23 103.7 -12.4 52.0 158.2 1.76
mini_055.pdb 0.76 21 1 0 4.16 -3.67 102.5 -10.1 -115.8 -3.3 2.16
mini_057.pdb 0.67 21 1 0 4.16 -2.33 102.6 -6.3 -175.4 27.8 2.6
mini_058.pdb 1.39 27 1 0 4.1 -3.11 99.7 -8.7 174.8 175.9 1.66
mini_059.pdb 0.37 20 1 0 3.95 -3.95 102.8 -10.5 -32.4 119.1 -3.0
mini_060.pdb 0.38 18 1 0 4.05 -2.89 102.0 -7.8 161.2 68.4 1.87
mini_061.pdb 0.7 16 1 0 4.18 -4.29 102.5 -12.0 -178.2 -174.4 2.84
mini_062.pdb 0.47 20 1 0 4.21 -4.46 103.3 -12.7 -162.0 -165.2 2.72
mini_063.pdb 0.65 15 1 0 3.95 -4.45 103.1 -12.0 5.6 113.8 1.66
mini_064.pdb 0.5 19 1 0 4.33 -4.15 102.2 -12.1 -161.1 143.5 2.5
